MOD17A2H.A2010001.h12v02.006.2015198131427.Gpp_500m,MOD17A2H,A2010001,Lat66.02328333Lon-137.2492667Samp13Line13,2015198131427,Gpp_500m,F,F,F,F,F,F,F,F,F,F,F,F,F,F,F,F,F,F,F,F,F,F,F,F,F,F,F,F,F,F,F,F,F,F,F,F,F,F,F,F,F,F,F,F,F,F,F,F,F,F,F,F,F,F,F,F,F,F,F,F,F,F,F,F,F,F,F,F,F,F,F,F,F,F,F,F,F,F,F,F,F,F,F,F,F,F,F,F,F,F,F,F,F,F,F,F,F,F,F,F,F,F,F,F,F,F,F,F,F,F,F,F,F,F,F,F,F,F,F,F,F,F,F,F,F,F,F,F,F,F,F,F,F,F,F,F,F,F,F,F,F,F,F,F,F,F,F,F,F,F,F,F,F,F,F,F,F,F,F,F,F,F,F,F,F,F,F,F,F
MOD17A2H.A2010009.h12v02.006.2015198211704.Gpp_500m,MOD17A2H,A2010009,Lat66.02328333Lon-137.2492667Samp13Line13,2015198211704,Gpp_500m,F,F,F,F,F,F,F,F,F,F,F,F,F,F,F,F,F,F,F,F,F,F,F,F,F,F,F,F,F,F,F,F,F,F,F,F,F,F,F,F,F,F,F,F,F,F,F,F,F,F,F,F,F,F,F,F,F,F,F,F,F,F,F,F,F,F,F,F,F,F,F,F,F,F,F,F,F,F,F,F,F,F,F,F,F,F,F,F,F,F,F,F,F,F,F,F,F,F,F,F,F,F,F,F,F,F,F,F,F,F,F,F,F,F,F,F,F,F,F,F,F,F,F,F,F,F,F,F,F,F,F,F,F,F,F,F,F,F,F,F,F,F,F,F,F,F,F,F,F,F,F,F,F,F,F,F,F,F,F,F,F,F,F,F,F,F,F,F,F
MOD17A2H.A2010017.h12v02.006.2015198234644.Gpp_500m,MOD17A2H,A2010017,Lat66.02328333Lon-137.2492667Samp13Line13,2015198234644,Gpp_500m,F,F,F,F,F,F,F,F,F,F,F,F,F,F,F,F,F,F,F,F,F,F,F,F,F,F,F,F,F,F,F,F,F,F,F,F,F,F,F,F,F,F,F,F,F,F,F,F,F,F,F,F,F,F,F,F,F,F,F,F,F,F,F,F,F,F,F,F,F,F,F,F,F,F,F,F,F,F,F,F,F,F,F,F,F,F,F,F,F,F,F,F,F,F,F,F,F,F,F,F,F,F,F,F,F,F,F,F,F,F,F,F,F,F,F,F,F,F,F,F,F,F,F,F,F,F,F,F,F,F,F,F,F,F,F,F,F,F,F,F,F,F,F,F,F,F,F,F,F,F,F,F,F,F,F,F,F,F,F,F,F,F,F,F,F,F,F,F,F
MOD17A2H.A2010025.h12v02.006.2015199014422.Gpp_500m,MOD17A2H,A2010025,Lat66.02328333Lon-137.2492667Samp13Line13,2015199014422,Gpp_500m,F,F,F,F,F,F,F,F,F,F,F,F,F,F,F,F,F,F,F,F,F,F,F,F,F,F,F,F,F,F,F,F,F,F,F,F,F,F,F,F,F,F,F,F,F,F,F,F,F,F,F,F,F,F,F,F,F,F,F,F,F,F,F,F,F,F,F,F,F,F,F,F,F,F,F,F,F,F,F,F,F,F,F,F,F,F,F,F,F,F,F,F,F,F,F,F,F,F,F,F,F,F,F,F,F,F,F,F,F,F,F,F,F,F,F,F,F,F,F,F,F,F,F,F,F,F,F,F,F,F,F,F,F,F,F,F,F,F,F,F,F,F,F,F,F,F,F,F,F,F,F,F,F,F,F,F,F,F,F,F,F,F,F,F,F,F,F,F,F
MOD17A2H.A2010033.h12v02.006.2015199164302.Gpp_500m,MOD17A2H,A2010033,Lat66.02328333Lon-137.2492667Samp13Line13,2015199164302,Gpp_500m,F,F,F,F,F,F,F,F,F,F,F,F,F,F,F,F,F,F,F,F,F,F,F,F,F,F,F,F,F,F,F,F,F,F,F,F,F,F,F,F,F,F,F,F,F,F,F,F,F,F,F,F,F,F,F,F,F,F,F,F,F,F,F,F,F,F,F,F,F,F,F,F,F,F,F,F,F,F,F,F,F,F,F,F,F,F,F,F,F,F,F,F,F,F,F,F,F,F,F,F,F,F,F,F,F,F,F,F,F,F,F,F,F,F,F,F,F,F,F,F,F,F,F,F,F,F,F,F,F,F,F,F,F,F,F,F,F,F,F,F,F,F,F,F,F,F,F,F,F,F,F,F,F,F,F,F,F,F,F,F,F,F,F,F,F,F,F,F,F
MOD17A2H.A2010041.h12v02.006.2015199170838.Gpp_500m,MOD17A2H,A2010041,Lat66.02328333Lon-137.2492667Samp13Line13,2015199170838,Gpp_500m,F,F,F,F,F,F,F,F,F,F,F,F,F,F,F,F,F,F,F,F,F,F,F,F,F,F,F,F,F,F,F,F,F,F,F,F,F,F,F,F,F,F,F,F,F,F,F,F,F,F,F,F,F,F,F,F,F,F,F,F,F,F,F,F,F,F,F,F,F,F,F,F,F,F,F,F,F,F,F,F,F,F,F,F,F,F,F,F,F,F,F,F,F,F,F,F,F,F,F,F,F,F,F,F,F,F,F,F,F,F,F,F,F,F,F,F,F,F,F,F,F,F,F,F,F,F,F,F,F,F,F,F,F,F,F,F,F,F,F,F,F,F,F,F,F,F,F,F,F,F,F,F,F,F,F,F,F,F,F,F,F,F,F,F,F,F,F,F,F
MOD17A2H.A2010049.h12v02.006.2015199172856.Gpp_500m,MOD17A2H,A2010049,Lat66.02328333Lon-137.2492667Samp13Line13,2015199172856,Gpp_500m,F,F,F,F,F,F,F,F,F,F,F,F,F,F,F,F,F,F,F,F,F,F,F,F,F,F,F,F,F,F,F,F,F,F,F,F,F,F,F,F,F,F,F,F,F,F,F,F,F,F,F,F,F,F,F,F,F,F,F,F,F,F,F,F,F,F,F,F,F,F,F,F,F,F,F,F,F,F,F,F,F,F,F,F,F,F,F,F,F,F,F,F,F,F,F,F,F,F,F,F,F,F,F,F,F,F,F,F,F,F,F,F,F,F,F,F,F,F,F,F,F,F,F,F,F,F,F,F,F,F,F,F,F,F,F,F,F,F,F,F,F,F,F,F,F,F,F,F,F,F,F,F,F,F,F,F,F,F,F,F,F,F,F,F,F,F,F,F,F
MOD17A2H.A2010057.h12v02.006.2015200065301.Gpp_500m,MOD17A2H,A2010057,Lat66.02328333Lon-137.2492667Samp13Line13,2015200065301,Gpp_500m,F,F,F,F,F,F,F,F,F,F,F,F,F,F,F,F,F,F,F,F,F,F,F,F,F,F,F,F,F,F,F,F,F,F,F,F,F,F,F,F,F,F,F,F,F,F,F,F,F,F,F,F,F,F,F,F,F,F,F,F,F,F,F,F,F,F,F,F,F,F,F,F,F,F,F,F,F,F,F,F,F,F,F,F,F,F,F,F,F,F,F,F,F,F,F,F,F,F,F,F,F,F,F,F,F,F,F,F,F,F,F,F,F,F,F,F,F,F,F,F,F,F,F,F,F,F,F,F,F,F,F,F,F,F,F,F,F,F,F,F,F,F,F,F,F,F,F,F,F,F,F,F,F,F,F,F,F,F,F,F,F,F,F,F,F,F,F,F,F
MOD17A2H.A2010065.h12v02.006.2015206010130.Gpp_500m,MOD17A2H,A2010065,Lat66.02328333Lon-137.2492667Samp13Line13,2015206010130,Gpp_500m,F,F,F,F,F,F,F,F,F,F,F,F,F,F,F,F,F,F,F,F,F,F,F,F,F,F,F,F,F,F,F,F,F,F,F,F,F,F,F,F,F,F,F,F,F,F,F,F,F,F,F,F,F,F,F,F,F,F,F,F,F,F,F,F,F,F,F,F,F,F,F,F,F,F,F,F,F,F,F,F,F,F,F,F,F,F,F,F,F,F,F,F,F,F,F,F,F,F,F,F,F,F,F,F,F,F,F,F,F,F,F,F,F,F,F,F,F,F,F,F,F,F,F,F,F,F,F,F,F,F,F,F,F,F,F,F,F,F,F,F,F,F,F,F,F,F,F,F,F,F,F,F,F,F,F,F,F,F,F,F,F,F,F,F,F,F,F,F,F
MOD17A2H.A2010073.h12v02.006.2015206141037.Gpp_500m,MOD17A2H,A2010073,Lat66.02328333Lon-137.2492667Samp13Line13,2015206141037,Gpp_500m,F,F,F,F,F,F,F,F,F,F,F,F,F,F,F,F,F,F,F,F,F,F,F,F,F,F,F,F,F,F,F,F,F,F,F,F,F,F,F,F,F,F,F,F,F,F,F,F,F,F,F,F,F,F,F,F,F,F,F,F,F,F,F,F,F,F,F,F,F,F,F,F,F,F,F,F,F,F,F,F,F,F,F,F,F,F,F,F,F,F,F,F,F,F,F,F,F,F,F,F,F,F,F,F,F,F,F,F,F,F,F,F,F,F,F,F,F,F,F,F,F,F,F,F,F,F,F,F,F,F,F,F,F,F,F,F,F,F,F,F,F,F,F,F,F,F,F,F,F,F,F,F,F,F,F,F,F,F,F,F,F,F,F,F,F,F,F,F,F
MOD17A2H.A2010081.h12v02.006.2015206152604.Gpp_500m,MOD17A2H,A2010081,Lat66.02328333Lon-137.2492667Samp13Line13,2015206152604,Gpp_500m,F,F,F,F,F,F,F,F,F,F,F,F,F,F,F,F,F,F,F,F,F,F,F,F,F,F,F,F,F,F,F,F,F,F,F,F,F,F,F,F,F,F,F,F,F,F,F,F,F,F,F,F,F,F,F,F,F,F,F,F,F,F,F,F,F,F,F,F,F,F,F,F,F,F,F,F,F,F,F,F,F,F,F,F,F,F,F,F,F,F,F,F,F,F,F,F,F,F,F,F,F,F,F,F,F,F,F,F,F,F,F,F,F,F,F,F,F,F,F,F,F,F,F,F,F,F,F,F,F,F,F,F,F,F,F,F,F,F,F,F,F,F,F,F,F,F,F,F,F,F,F,F,F,F,F,F,F,F,F,F,F,F,F,F,F,F,F,F,F
MOD17A2H.A2010089.h12v02.006.2015206164036.Gpp_500m,MOD17A2H,A2010089,Lat66.02328333Lon-137.2492667Samp13Line13,2015206164036,Gpp_500m,F,F,F,F,F,F,F,F,F,F,F,F,F,F,F,F,F,F,F,F,F,F,F,F,F,F,F,F,F,F,F,F,F,F,F,F,F,F,F,F,F,F,F,F,F,F,F,F,F,F,F,F,F,F,F,F,F,F,F,F,F,F,F,F,F,F,F,F,F,F,F,F,F,F,F,F,F,F,F,F,F,F,F,F,F,F,F,F,F,F,F,F,F,F,F,F,F,F,F,F,F,F,F,F,F,F,F,F,F,F,F,F,F,F,F,F,F,F,F,F,F,F,F,F,F,F,F,F,F,F,F,F,F,F,F,F,F,F,F,F,F,F,F,F,F,F,F,F,F,F,F,F,F,F,F,F,F,F,F,F,F,F,F,F,F,F,F,F,F
MOD17A2H.A2010097.h12v02.006.2015206175248.Gpp_500m,MOD17A2H,A2010097,Lat66.02328333Lon-137.2492667Samp13Line13,2015206175248,Gpp_500m,F,F,F,F,F,F,F,F,F,F,F,F,F,F,F,F,F,F,F,F,F,F,F,F,F,F,F,F,F,F,F,F,F,F,F,F,F,F,F,F,F,F,F,F,F,F,F,F,F,F,F,F,F,F,F,F,F,F,F,F,F,F,F,F,F,F,F,F,F,F,F,F,F,F,F,F,F,F,F,F,F,F,F,F,F,F,F,F,F,F,F,F,F,F,F,F,F,F,F,F,F,F,F,F,F,F,F,F,F,F,F,F,F,F,F,F,F,F,F,F,F,F,F,F,F,F,F,F,F,F,F,F,F,F,F,F,F,F,F,F,F,F,F,F,F,F,F,F,F,F,F,F,F,F,F,F,F,F,F,F,F,F,F,F,F,F,F,F,F
MOD17A2H.A2010105.h12v02.006.2015207070751.Gpp_500m,MOD17A2H,A2010105,Lat66.02328333Lon-137.2492667Samp13Line13,2015207070751,Gpp_500m,F,F,F,F,F,F,F,F,F,F,F,F,F,F,F,F,F,F,F,F,F,F,F,F,F,F,F,F,F,F,F,F,F,F,F,F,F,F,F,F,F,F,F,F,F,F,F,F,F,F,F,F,F,F,F,F,F,F,F,F,F,F,F,F,F,F,F,F,F,F,F,F,F,F,F,F,F,F,F,F,F,F,F,F,F,F,F,F,F,F,F,F,F,F,F,F,F,F,F,F,F,F,F,F,F,F,F,F,F,F,F,F,F,F,F,F,F,F,F,F,F,F,F,F,F,F,F,F,F,F,F,F,F,F,F,F,F,F,F,F,F,F,F,F,F,F,F,F,F,F,F,F,F,F,F,F,F,F,F,F,F,F,F,F,F,F,F,F,F
MOD17A2H.A2010113.h12v02.006.2015207195858.Gpp_500m,MOD17A2H,A2010113,Lat66.02328333Lon-137.2492667Samp13Line13,2015207195858,Gpp_500m,0.006,0.0079,0.0063,0.0063,0.0082,0.0054,0.0045,0.0093,0.0082,0.0054,0.0052,0.0052,0.0055,0.0067,0.0045,0.0045,0.0039,0.0039,0.0048,0.0031,0.0026,0.0031,0.0037,0.0054,0.0061,0.0052,0.0043,0.0043,0.0026,0.0037,0.006,0.006,0.007,0.0095,0.0067,0.0063,0.0054,0.0037,0.0026,0.0055,0.0063,0.006,0.0063,0.006,0.0095,0.006,0.0054,0.0054,0.0055,0.0075,0.0018,0.0031,0.007,0.0063,0.0073,0.0073,0.0039,0.004,0.006,0.0073,0.0099,0.0039,0.0039,0.0018,0.0028,0.0073,0.0052,0.0131,0.0073,0.006,0.0098,0.0099,0.0033,0.0026,0.0021,0.0021,0.004,0.0037,0.0054,0.0073,0.0054,0.0026,0.0018,0.0033,0.0037,0.0026,0.0021,0.0018,0.0021,0.0034,0.0026,0.0018,0.0018,0.0026,0.0018,0.0021,0.0055,0.0034,0.0049,0.0018,0.0055,0.007,0.0021,0.0028,0.0026,0.0031,0.0018,0.0018,0.0034,0.0037,0.0055,0.0054,0.007,0.006,0.0028,0.0031,0.0031,0.0018,0.0018,0.0018,0.0021,0.0018,0.0055,0.006,0.006,0.0056,0.006,0.004,0.0037,0.0031,0.0018,0.0021,0.0018,0.0055,0.006,0.0034,0.0056,0.0031,0.004,0.0028,0.0031,0.0028,0.0036,0.0021,0.0018,0.0021,0.0034,0.0018,0.0021,0.0021,0.0021,0.0018,0.0018,0.0018,0.0018,0.0018,0.0018,0.0021,0.0018,0.0021,0.0018,0.0018,0.0028,0.0021,0.0018,0.0018,0.0018,0.0018,0.0039
MOD17A2H.A2010121.h12v02.006.2015208014411.Gpp_500m,MOD17A2H,A2010121,Lat66.02328333Lon-137.2492667Samp13Line13,2015208014411,Gpp_500m,0.0047,0.0044,0.0044,0.0047,0.0039,0.004,0.0044,0.0047,0.0047,0.0044,0.004,0.0041,0.0044,0.0044,0.0039,0.0039,0.0051,0.0047,0.0045,0.0035,0.0036,0.0041,0.0044,0.0046,0.0046,0.0044,0.0041,0.0037,0.0043,0.0044,0.0044,0.0044,0.0044,0.0049,0.0046,0.0046,0.0046,0.004,0.0046,0.0047,0.0047,0.0044,0.0044,0.0046,0.0046,0.0046,0.0041,0.0046,0.0052,0.0052,0.0047,0.0047,0.0047,0.0046,0.0048,0.0046,0.0046,0.0044,0.0046,0.0052,0.0047,0.0046,0.0047,0.0049,0.0041,0.0046,0.0053,0.0054,0.0053,0.0046,0.0046,0.0047,0.0046,0.0044,0.0039,0.0041,0.0041,0.0045,0.0054,0.0046,0.0039,0.0041,0.0039,0.0046,0.0046,0.0052,0.0041,0.0041,0.0041,0.0045,0.0045,0.0044,0.0039,0.0036,0.0046,0.0046,0.0051,0.0051,0.0045,0.0045,0.0047,0.0045,0.0036,0.0036,0.0041,0.0044,0.0035,0.0035,0.0051,0.0047,0.0044,0.0047,0.0048,0.0045,0.0043,0.0039,0.0047,0.0028,0.0028,0.0039,0.0044,0.0044,0.0045,0.0045,0.0045,0.0045,0.0041,0.0047,0.0051,0.0051,0.0039,0.0036,0.0039,0.0044,0.0048,0.0045,0.0045,0.0045,0.0051,0.0051,0.0047,0.0047,0.0047,0.0039,0.0044,0.0045,0.0048,0.0039,0.0037,0.0039,0.0047,0.0047,0.0044,0.0044,0.0041,0.0039,0.0044,0.0041,0.0037,0.004,0.0039,0.004,0.0044,0.0041,0.0041,0.0041,0.0041,0.0041,0.0051
MOD17A2H.A2010129.h12v02.006.2015208062825.Gpp_500m,MOD17A2H,A2010129,Lat66.02328333Lon-137.2492667Samp13Line13,2015208062825,Gpp_500m,0.0058,0.0058,0.0057,0.0049,0.0049,0.0047,0.0057,0.005,0.0054,0.0078,0.0066,0.0061,0.0074,0.0051,0.0049,0.0044,0.0064,0.0064,0.0057,0.0085,0.0067,0.0054,0.0054,0.0066,0.0066,0.005,0.0049,0.0049,0.0047,0.0047,0.0085,0.0073,0.0061,0.0061,0.0066,0.0059,0.0053,0.0044,0.0053,0.0054,0.0104,0.0104,0.005,0.0061,0.0056,0.0059,0.0053,0.0053,0.0056,0.0056,0.0056,0.0052,0.0047,0.0054,0.0066,0.0054,0.0056,0.0053,0.0059,0.0062,0.0061,0.0061,0.0056,0.005,0.0052,0.0049,0.0056,0.0062,0.0062,0.0059,0.0062,0.0061,0.0054,0.0056,0.0056,0.0056,0.0053,0.0053,0.0059,0.005,0.0053,0.0054,0.0053,0.0054,0.0056,0.0066,0.0056,0.0061,0.0061,0.0061,0.0056,0.005,0.0053,0.0056,0.0056,0.0054,0.0066,0.0068,0.0068,0.0061,0.0061,0.0056,0.0056,0.005,0.0064,0.0059,0.0054,0.0049,0.0068,0.0066,0.0063,0.0064,0.0064,0.0064,0.005,0.0055,0.007,0.0054,0.0053,0.0053,0.0058,0.0064,0.0064,0.0064,0.0064,0.0061,0.0061,0.0061,0.0074,0.0064,0.0053,0.0058,0.0053,0.0053,0.0067,0.0058,0.0061,0.0061,0.0064,0.0067,0.0067,0.0137,0.0067,0.0058,0.0058,0.0056,0.0061,0.0061,0.0061,0.0064,0.0054,0.0054,0.0064,0.0119,0.0052,0.0056,0.0064,0.0055,0.0055,0.0055,0.0055,0.0056,0.0116,0.0064,0.0054,0.0056,0.0042,0.0052,0.0056
MOD17A2H.A2010137.h12v02.006.2015208112515.Gpp_500m,MOD17A2H,A2010137,Lat66.02328333Lon-137.2492667Samp13Line13,2015208112515,Gpp_500m,0.0139,0.0157,0.0142,0.0142,0.012,0.0127,0.0145,0.0132,0.0127,0.012,0.0138,0.0157,0.0157,0.0132,0.0127,0.0132,0.0174,0.0161,0.0157,0.0125,0.012,0.0127,0.0145,0.0145,0.0138,0.0127,0.0132,0.0134,0.012,0.0132,0.0127,0.012,0.0142,0.0142,0.0142,0.0138,0.0132,0.0114,0.0127,0.0139,0.0134,0.0127,0.0125,0.0138,0.0134,0.0132,0.0125,0.0125,0.0134,0.0134,0.0134,0.0134,0.0134,0.0152,0.0171,0.0134,0.0134,0.0142,0.0142,0.0142,0.0134,0.0134,0.0134,0.0125,0.0121,0.0142,0.0138,0.0145,0.0138,0.0142,0.0134,0.0134,0.0134,0.0134,0.0132,0.011,0.0132,0.0142,0.0132,0.0145,0.0132,0.0125,0.012,0.0114,0.0134,0.0134,0.0134,0.0132,0.0131,0.0131,0.0134,0.0132,0.0132,0.0114,0.0132,0.0134,0.0138,0.0138,0.0134,0.0134,0.0127,0.0134,0.0124,0.0121,0.0134,0.0132,0.0114,0.0124,0.0134,0.0142,0.0134,0.0138,0.0134,0.0142,0.0121,0.0109,0.0131,0.0126,0.0124,0.0126,0.0138,0.0126,0.0138,0.0145,0.0131,0.0121,0.0131,0.0142,0.0152,0.0142,0.0132,0.0121,0.0126,0.0127,0.0152,0.0138,0.0131,0.0127,0.0134,0.0145,0.0142,0.0142,0.0131,0.0121,0.0134,0.0131,0.0138,0.0121,0.0114,0.0121,0.0145,0.0114,0.0137,0.0121,0.0114,0.0123,0.0138,0.0121,0.0121,0.0109,0.0127,0.0114,0.0127,0.0127,0.0131,0.0123,0.0121,0.0137,0.0134
MOD17A2H.A2010145.h12v02.006.2015208164401.Gpp_500m,MOD17A2H,A2010145,Lat66.02328333Lon-137.2492667Samp13Line13,2015208164401,Gpp_500m,0.035,0.0402,0.0414,0.0338,0.0289,0.0296,0.0346,0.0351,0.0331,0.0421,0.0314,0.0281,0.0296,0.0358,0.0296,0.0296,0.0408,0.0423,0.0423,0.0376,0.0421,0.032,0.0288,0.0345,0.0307,0.0281,0.0314,0.0362,0.0426,0.0402,0.0327,0.0421,0.0426,0.0409,0.0338,0.0301,0.0345,0.0352,0.0288,0.0482,0.0346,0.0346,0.0289,0.0314,0.0352,0.039,0.0357,0.0357,0.0352,0.0377,0.0345,0.0345,0.0268,0.0296,0.0338,0.0352,0.0421,0.0427,0.0357,0.0396,0.0389,0.0383,0.0338,0.0345,0.0332,0.0338,0.0296,0.0331,0.0427,0.0409,0.0414,0.0352,0.0383,0.0331,0.0319,0.0332,0.0345,0.0332,0.0296,0.0427,0.0377,0.0352,0.0352,0.032,0.0358,0.0364,0.0327,0.0327,0.0345,0.0307,0.0302,0.033,0.0331,0.032,0.0307,0.0319,0.0364,0.0332,0.0338,0.0332,0.0345,0.0327,0.0302,0.0314,0.0327,0.0338,0.0302,0.0307,0.0332,0.0338,0.0332,0.0345,0.0345,0.0332,0.0288,0.0288,0.0332,0.0302,0.0319,0.0332,0.0338,0.0352,0.0332,0.0338,0.0345,0.0288,0.0288,0.0332,0.0308,0.0295,0.0281,0.0319,0.0319,0.0296,0.0338,0.0296,0.0288,0.0288,0.0332,0.0308,0.0295,0.0295,0.0263,0.0319,0.0296,0.0302,0.0296,0.0288,0.0302,0.0257,0.0302,0.025,0.0244,0.0263,0.025,0.0232,0.0302,0.0296,0.0288,0.0302,0.0283,0.0283,0.0244,0.0237,0.0258,0.0237,0.0232,0.0232,0.0282
MOD17A2H.A2010153.h12v02.006.2015209002537.Gpp_500m,MOD17A2H,A2010153,Lat66.02328333Lon-137.2492667Samp13Line13,2015209002537,Gpp_500m,0.0383,0.0355,0.0371,0.039,0.0436,0.0395,0.048,0.042,0.0395,0.0413,0.0408,0.035,0.0383,0.0368,0.0343,0.0343,0.0529,0.0469,0.0461,0.035,0.0343,0.0332,0.0372,0.0383,0.039,0.0343,0.035,0.0372,0.0372,0.0379,0.0425,0.0395,0.0401,0.0379,0.0368,0.0368,0.035,0.0343,0.0332,0.0401,0.042,0.042,0.0332,0.0332,0.0379,0.0338,0.0322,0.0327,0.0343,0.0338,0.0322,0.0322,0.0291,0.0314,0.0355,0.0355,0.0332,0.0338,0.0332,0.0355,0.0338,0.0314,0.0322,0.0322,0.0314,0.0361,0.0322,0.0332,0.0361,0.0338,0.0343,0.0373,0.0338,0.0327,0.0344,0.0327,0.0314,0.0314,0.0332,0.0332,0.0327,0.0327,0.0303,0.0303,0.0279,0.0322,0.0322,0.0314,0.0311,0.0311,0.0322,0.0327,0.0322,0.0285,0.0285,0.0332,0.0322,0.0314,0.0314,0.0322,0.0383,0.0379,0.0322,0.0322,0.029,0.0322,0.0303,0.0304,0.0322,0.0327,0.0379,0.0379,0.0379,0.0331,0.0327,0.0327,0.0322,0.0314,0.0297,0.029,0.0297,0.0314,0.035,0.0355,0.0344,0.0344,0.0322,0.0331,0.0327,0.0332,0.029,0.029,0.0314,0.0327,0.0355,0.0355,0.0338,0.0344,0.0331,0.0303,0.0332,0.0327,0.0315,0.0279,0.0331,0.035,0.0331,0.0338,0.0322,0.0289,0.0289,0.0289,0.028,0.028,0.0297,0.0311,0.0314,0.0322,0.028,0.0274,0.0289,0.028,0.0284,0.029,0.028,0.0284,0.0284,0.0311,0.029
MOD17A2H.A2010161.h12v02.006.2015209033745.Gpp_500m,MOD17A2H,A2010161,Lat66.02328333Lon-137.2492667Samp13Line13,2015209033745,Gpp_500m,0.0541,0.0438,0.0453,0.0445,0.0432,0.0432,0.0453,0.0506,0.0555,0.0466,0.0501,0.0417,0.0398,0.0479,0.0404,0.0398,0.0537,0.0591,0.0608,0.0494,0.0432,0.0398,0.0417,0.0445,0.0445,0.0431,0.0398,0.0424,0.0411,0.0445,0.0535,0.0535,0.0445,0.0424,0.0438,0.0431,0.0417,0.0514,0.0403,0.0471,0.0494,0.0494,0.0535,0.0445,0.0431,0.0424,0.0391,0.041,0.0513,0.041,0.041,0.0383,0.0445,0.0438,0.0445,0.0417,0.0405,0.0431,0.0466,0.046,0.046,0.041,0.0411,0.0507,0.0507,0.0501,0.0487,0.0438,0.0431,0.0466,0.0521,0.0555,0.0521,0.0383,0.0383,0.0446,0.0417,0.0486,0.0438,0.0438,0.0466,0.0501,0.0453,0.0521,0.046,0.0417,0.0398,0.046,0.0486,0.0486,0.0412,0.0466,0.0479,0.0439,0.0447,0.0391,0.0417,0.0383,0.046,0.0494,0.0412,0.0412,0.0412,0.0425,0.0439,0.0487,0.0446,0.0377,0.0494,0.048,0.048,0.0403,0.0398,0.0453,0.0454,0.0535,0.0412,0.0363,0.0363,0.0465,0.0383,0.0391,0.0376,0.0434,0.0433,0.0548,0.0391,0.0412,0.0404,0.0404,0.0425,0.0425,0.0363,0.0412,0.0446,0.0446,0.0465,0.0399,0.0412,0.0384,0.0392,0.0411,0.0411,0.0376,0.0412,0.0434,0.0391,0.0465,0.0391,0.0343,0.0343,0.0329,0.0364,0.0385,0.0364,0.0425,0.0343,0.0391,0.0356,0.0356,0.0323,0.0329,0.0329,0.0384,0.0465,0.0459,0.0453,0.0377,0.0439
MOD17A2H.A2010169.h12v02.006.2015209060451.Gpp_500m,MOD17A2H,A2010169,Lat66.02328333Lon-137.2492667Samp13Line13,2015209060451,Gpp_500m,0.0503,0.0447,0.0454,0.0491,0.0434,0.0447,0.0484,0.0528,0.0521,0.0502,0.0446,0.042,0.0445,0.0427,0.0427,0.0403,0.0538,0.0602,0.0619,0.044,0.0421,0.0407,0.0457,0.0445,0.0457,0.0414,0.0434,0.0447,0.0426,0.0451,0.0516,0.0495,0.0502,0.0485,0.0495,0.0464,0.0457,0.0439,0.0457,0.0471,0.049,0.0516,0.044,0.0446,0.0485,0.0433,0.0426,0.0445,0.0445,0.0457,0.0451,0.0394,0.0422,0.0384,0.0457,0.0445,0.0439,0.047,0.0445,0.0477,0.0501,0.0443,0.0438,0.0456,0.0455,0.0434,0.0415,0.0451,0.047,0.0477,0.0463,0.0501,0.047,0.0431,0.0456,0.0406,0.0406,0.0406,0.0451,0.0445,0.0431,0.0425,0.0438,0.0383,0.0443,0.0412,0.0399,0.0398,0.0398,0.0398,0.0392,0.0439,0.0407,0.0384,0.0412,0.0443,0.0443,0.0399,0.0398,0.0398,0.0411,0.0398,0.0386,0.0398,0.0384,0.0412,0.0383,0.0383,0.0369,0.0392,0.0392,0.0411,0.0398,0.0398,0.0398,0.0375,0.035,0.04,0.0399,0.0376,0.0406,0.0391,0.0376,0.0375,0.0398,0.0386,0.0375,0.0411,0.0381,0.0398,0.0376,0.0357,0.0376,0.0392,0.0398,0.0398,0.0386,0.0405,0.0405,0.0398,0.0374,0.0397,0.0374,0.0406,0.0369,0.0398,0.0392,0.0392,0.0392,0.0355,0.0368,0.0362,0.035,0.0355,0.0355,0.0416,0.0375,0.0356,0.0362,0.0362,0.0355,0.0443,0.0461,0.0448,0.038,0.0361,0.0374,0.0378,0.0384
MOD17A2H.A2010177.h12v02.006.2015209084735.Gpp_500m,MOD17A2H,A2010177,Lat66.02328333Lon-137.2492667Samp13Line13,2015209084735,Gpp_500m,0.0387,0.0243,0.0249,0.0311,0.0343,0.041,0.0444,0.0481,0.0469,0.0486,0.0398,0.041,0.0388,F,F,0.0364,0.0653,0.0783,0.0783,0.0456,0.0451,0.0451,0.0347,0.0329,0.0428,0.0364,0.052,0.0509,0.014,0.0429,0.0475,0.0439,0.0451,0.0439,0.036,0.036,0.0388,0.0283,0.0283,0.0462,0.0485,0.0456,0.0439,0.0325,0.0092,0.0249,0.0186,0.0325,0.0376,0.0388,0.041,0.0422,0.0393,0.0422,0.0404,0.022,0.0249,0.0388,0.0382,0.0399,0.0399,0.0399,0.0422,0.0422,0.0451,0.037,0.0289,0.0343,0.0352,0.03,0.0348,0.0388,0.0232,0.0399,0.0451,0.0451,0.0352,0.044,0.0278,0.036,0.0273,0.0173,0.0273,0.0434,0.0434,0.0475,0.0364,0.0352,0.0349,0.0444,0.0382,0.0249,0.0296,0.0296,0.03,0.03,0.0475,0.0352,0.0318,0.033,0.0451,0.0418,0.0399,0.0412,0.0318,0.0318,0.0306,0.0306,0.0301,0.0388,0.0422,0.0382,0.0418,0.0396,0.0399,0.0388,0.037,0.0324,0.0306,0.0289,0.0301,0.037,0.037,0.0388,0.0399,0.0396,0.0388,0.0376,0.0395,0.0376,0.0318,0.0301,0.0312,0.0364,0.0381,0.0388,0.037,0.0396,0.0399,0.037,0.0376,0.0388,0.0376,0.0312,0.0343,0.037,0.0376,0.0365,0.0365,0.0376,0.037,0.037,0.0447,0.0366,0.037,0.0376,0.037,0.0324,0.0349,0.0365,0.0343,0.037,0.0399,0.0376,0.0382,0.0376,0.04,0.0388,0.0382
MOD17A2H.A2010185.h12v02.006.2015209123358.Gpp_500m,MOD17A2H,A2010185,Lat66.02328333Lon-137.2492667Samp13Line13,2015209123358,Gpp_500m,0.0526,0.0504,0.0457,0.0526,0.0504,0.0569,0.0602,0.054,0.0555,0.052,0.0548,0.0533,0.0561,0.0486,0.0457,0.0472,0.0737,0.0783,0.0783,0.0588,0.0492,0.0492,0.0533,0.059,0.059,0.0554,0.0485,0.0561,0.052,0.0526,0.0486,0.0548,0.0512,0.0512,0.0486,0.0505,0.0478,0.0505,0.0521,0.0526,0.0526,0.0478,0.0478,0.0493,0.0513,0.0485,0.0471,0.0527,0.0505,0.05,0.0485,0.0485,0.0444,0.0478,0.0493,0.0478,0.0513,0.0562,0.0493,0.0513,0.0505,0.0479,0.0479,0.0479,0.0486,0.0505,0.0465,0.0465,0.0499,0.0464,0.0513,0.0505,0.0507,0.0445,0.0445,0.0471,0.0457,0.0466,0.0444,0.0499,0.0464,0.0464,0.0409,0.0445,0.0445,0.0471,0.0471,0.0457,0.0457,0.0444,0.0444,0.0471,0.0416,0.0416,0.0438,0.0445,0.0471,0.0445,0.0445,0.0466,0.0465,0.0457,0.0444,0.0444,0.0416,0.0438,0.0409,0.0409,0.0416,0.0416,0.0438,0.0465,0.0457,0.0444,0.0444,0.0465,0.0465,0.0438,0.0438,0.0416,0.0416,0.0438,0.0431,0.0431,0.0444,0.0465,0.0465,0.0465,0.0458,0.0472,0.0416,0.0423,0.0423,0.0444,0.0444,0.0444,0.0465,0.0465,0.0472,0.0458,0.0459,0.0451,0.0451,0.0423,0.0423,0.0444,0.0444,0.0521,0.0521,0.0542,0.0443,0.0444,0.0451,0.0451,0.0444,0.0466,0.041,0.0438,0.0438,0.0438,0.0458,0.0444,0.0444,0.0459,0.0459,0.0459,0.048,0.0508,0.0516
MOD17A2H.A2010193.h12v02.006.2015209162315.Gpp_500m,MOD17A2H,A2010193,Lat66.02328333Lon-137.2492667Samp13Line13,2015209162315,Gpp_500m,0.0325,0.032,0.0325,0.0387,0.0393,0.0393,0.0353,0.0353,0.0454,0.0454,0.0403,0.0335,0.0259,0.0325,0.032,0.0386,0.0491,0.0499,0.0514,0.0393,0.0427,0.0403,0.0308,0.0275,0.0267,0.0267,0.0259,0.0259,0.0386,0.0362,0.0427,0.0427,0.0279,0.0308,0.032,0.032,0.0263,0.0263,0.0252,0.0376,0.0336,0.0326,0.0286,0.0286,0.033,0.033,0.038,0.038,0.0263,0.0264,0.0286,0.0286,0.0286,0.0286,0.0286,0.033,0.0342,0.0342,0.0351,0.0351,0.028,0.0286,0.0286,0.028,0.0297,0.0279,0.0279,0.0279,0.0342,0.0286,0.0263,0.0264,0.0263,0.028,0.028,0.028,0.0414,0.0402,0.0279,0.0286,0.0286,0.0286,0.0264,0.0263,0.0263,0.028,0.0391,0.0391,0.0402,0.0402,0.0392,0.0286,0.0267,0.0267,0.0263,0.0263,0.0297,0.0391,0.0391,0.0399,0.0399,0.0392,0.0392,0.0392,0.0267,0.0263,0.0263,0.0364,0.0364,0.0381,0.0381,0.0375,0.0375,0.0375,0.0392,0.0335,0.0335,0.0263,0.0382,0.0381,0.0364,0.0381,0.0375,0.0375,0.0375,0.0375,0.0342,0.0306,0.0318,0.0303,0.0381,0.0364,0.0364,0.0385,0.0358,0.0358,0.0335,0.0335,0.0342,0.0318,0.0168,0.0269,0.0195,0.0376,0.0375,0.0301,0.0358,0.0335,0.0335,0.0342,0.034,0.0168,0.0168,0.0246,0.0223,0.0269,0.0334,0.0083,0.033,0.0101,0.0353,0.0251,0.0251,F,0.0229,0.0223,0.009,0.009,0.0262
MOD17A2H.A2010201.h12v02.006.2015209204130.Gpp_500m,MOD17A2H,A2010201,Lat66.02328333Lon-137.2492667Samp13Line13,2015209204130,Gpp_500m,0.0275,0.0224,0.0224,0.0209,0.021,0.0258,0.0262,0.0262,0.0337,0.0337,0.0305,0.0305,0.0255,0.0032,0.0032,0.0192,0.0217,0.0288,0.0383,0.0281,0.0285,0.0285,0.0258,0.0291,0.0271,0.0271,0.0088,0.0032,0.0228,0.0294,0.0332,0.0333,0.0281,0.0257,0.0291,0.0294,0.0296,0.0281,0.0267,0.0258,0.0305,0.0305,0.0305,0.0281,0.0262,0.0262,0.0243,0.037,0.0281,0.0286,0.0286,0.0286,0.0258,0.0271,0.0271,0.0271,0.0257,0.0322,0.0281,0.0281,0.0314,0.0286,0.0286,0.0299,0.0299,0.0271,0.0257,0.0257,0.0271,0.0271,0.0243,0.0314,0.0277,0.0286,0.0285,0.0285,0.0292,0.0292,0.0248,0.0257,0.0248,0.0243,0.0234,0.0277,0.0286,0.0285,0.0292,0.0285,0.0292,0.0285,0.0285,0.0234,0.0225,0.0234,0.0257,0.0257,0.0285,0.0285,0.0285,0.0296,0.0296,0.0278,0.0278,0.0274,0.0255,0.0255,0.0255,0.0255,0.0285,0.0285,0.0282,0.0285,0.0286,0.0282,0.0282,0.0267,0.0259,0.0263,0.0255,0.0255,0.0255,0.0282,0.0272,0.0286,0.0287,0.0288,0.0267,0.0288,0.0288,0.0297,0.0263,0.0255,0.0257,0.0282,0.0282,0.0282,0.0282,0.0291,0.0288,0.0267,0.0267,0.0311,0.0311,0.0257,0.0272,0.0273,0.0278,0.0278,0.0291,0.0255,0.0255,0.0259,0.0259,0.0259,0.0259,0.026,0.0254,0.0255,0.0259,0.0259,0.0255,0.0259,0.0259,0.0255,0.0255,0.0264,0.0317,0.0304,0.033
MOD17A2H.A2010209.h12v02.006.2015209232354.Gpp_500m,MOD17A2H,A2010209,Lat66.02328333Lon-137.2492667Samp13Line13,2015209232354,Gpp_500m,0.0413,0.0398,0.0398,0.0362,0.0432,0.0386,0.0386,0.0386,0.0471,0.0448,0.042,0.042,0.0375,0.0374,0.038,0.0362,0.0504,0.0519,0.0544,0.038,0.0392,0.0426,0.0402,0.0426,0.0402,0.0422,0.0398,0.0408,0.0397,0.0369,0.0448,0.0437,0.0437,0.0426,0.0402,0.0393,0.0397,0.0386,0.0385,0.0397,0.0442,0.0442,0.0414,0.0393,0.0393,0.0363,0.0375,0.0375,0.0381,0.0385,0.0385,0.0381,0.0353,0.0392,0.0408,0.0393,0.0363,0.038,0.0402,0.0414,0.0368,0.0364,0.0364,0.0385,0.0385,0.0402,0.0393,0.0393,0.0402,0.0375,0.0414,0.0408,0.0357,0.0396,0.0375,0.0381,0.0375,0.0381,0.0386,0.0414,0.0375,0.0346,0.0368,0.0357,0.0352,0.0396,0.0381,0.0375,0.0369,0.0375,0.0364,0.0381,0.0381,0.0381,0.0357,0.0364,0.0364,0.0381,0.0369,0.0381,0.0375,0.0364,0.0358,0.0369,0.0402,0.0393,0.0369,0.0357,0.0369,0.041,0.0364,0.0375,0.0385,0.0382,0.0369,0.0351,0.033,0.0402,0.0357,0.0364,0.0364,0.0364,0.0352,0.0352,0.0358,0.0369,0.0358,0.0322,0.0365,0.0368,0.0381,0.0381,0.0381,0.0358,0.0358,0.0358,0.0358,0.0369,0.0365,0.0365,0.0351,0.0329,0.0365,0.033,0.0352,0.034,0.0352,0.0341,0.0336,0.0365,0.0322,0.0329,0.0329,0.0375,0.0341,0.0351,0.034,0.0319,0.0322,0.0336,0.0374,0.0336,0.0358,0.0358,0.0351,0.0351,0.0351,0.0337,0.0329
MOD17A2H.A2010217.h12v02.006.2015210025256.Gpp_500m,MOD17A2H,A2010217,Lat66.02328333Lon-137.2492667Samp13Line13,2015210025256,Gpp_500m,0.0319,0.0319,0.0307,0.0333,0.0319,0.0294,0.0303,0.0303,0.0347,0.0351,0.0351,0.0294,0.0316,0.0307,0.0281,0.0281,0.0356,0.0362,0.0378,0.0297,0.0285,0.0306,0.0307,0.0316,0.0322,0.0322,0.0294,0.0294,0.031,0.0297,0.0355,0.0355,0.032,0.0307,0.0316,0.0303,0.0299,0.0299,0.0286,0.0328,0.0328,0.0281,0.0297,0.0307,0.0307,0.0281,0.028,0.0287,0.0299,0.0299,0.0302,0.0291,0.0263,0.029,0.0307,0.0307,0.028,0.029,0.0312,0.0309,0.0309,0.0309,0.0286,0.0291,0.0309,0.0316,0.0281,0.0312,0.0316,0.0312,0.0312,0.0294,0.0299,0.0277,0.0295,0.0299,0.0299,0.0299,0.0278,0.0303,0.0271,0.0271,0.0245,0.0269,0.0299,0.0299,0.0299,0.0291,0.0299,0.0286,0.0265,0.0278,0.0277,0.0265,0.0256,0.028,0.0303,0.0295,0.0295,0.0295,0.0286,0.0286,0.0277,0.0294,0.0265,0.0286,0.0265,0.0269,0.0269,0.0291,0.0292,0.0286,0.0292,0.0306,0.0286,0.0272,0.0261,0.028,0.0281,0.0269,0.0277,0.0283,0.0273,0.03,0.0307,0.0308,0.0283,0.0287,0.0287,0.0287,0.0258,0.0265,0.0265,0.0283,0.0273,0.0283,0.0283,0.0299,0.0299,0.0287,0.0295,0.0282,0.0287,0.0277,0.0283,0.0283,0.0283,0.0283,0.0251,0.0299,0.0282,0.0271,0.0261,0.027,0.0265,0.027,0.027,0.0247,0.0243,0.0251,0.0251,0.0265,0.0265,0.0272,0.0261,0.0274,0.0275,0.028,0.0261
MOD17A2H.A2010225.h12v02.006.2015210054920.Gpp_500m,MOD17A2H,A2010225,Lat66.02328333Lon-137.2492667Samp13Line13,2015210054920,Gpp_500m,0.0331,0.0307,0.0322,0.0313,0.0294,0.029,0.0294,0.0353,0.0359,0.0327,0.0327,0.0306,0.0299,0.029,0.029,0.0283,0.0353,0.0369,0.0369,0.0294,0.0335,0.0327,0.0271,0.0326,0.0306,0.0306,0.0299,0.029,0.0319,0.0335,0.0345,0.0335,0.0341,0.0322,0.0322,0.0306,0.0306,0.0299,0.0299,0.0353,0.037,0.037,0.0345,0.0299,0.0313,0.0295,0.0306,0.0295,0.0295,0.029,0.0299,0.0295,0.0335,0.0322,0.0345,0.0335,0.0295,0.0299,0.0318,0.0318,0.029,0.0295,0.0299,0.0298,0.0298,0.0363,0.0341,0.0295,0.0354,0.0354,0.0318,0.0331,0.0304,0.0277,0.0295,0.0298,0.0298,0.0304,0.0354,0.0335,0.0313,0.0304,0.0254,0.0277,0.0277,0.0295,0.029,0.0282,0.0282,0.0285,0.0269,0.0313,0.0277,0.0259,0.029,0.0277,0.0313,0.0298,0.0298,0.0296,0.0285,0.0299,0.0296,0.0296,0.0335,0.029,0.026,0.0261,0.0271,0.0285,0.0296,0.0299,0.0304,0.0304,0.0296,0.0282,0.0277,0.0277,0.0282,0.0269,0.0285,0.0285,0.0285,0.0285,0.0304,0.0299,0.0285,0.0304,0.0304,0.0289,0.0269,0.0262,0.0277,0.0296,0.0285,0.0296,0.0296,0.0312,0.0281,0.0304,0.0304,0.0296,0.0296,0.0269,0.0277,0.029,0.029,0.0259,0.0254,0.0312,0.0281,0.027,0.026,0.026,0.027,0.027,0.0262,0.0246,0.0232,0.0254,0.0254,0.0262,0.0262,0.026,0.026,0.0277,0.0289,0.0289,0.0277
MOD17A2H.A2010233.h12v02.006.2015210163345.Gpp_500m,MOD17A2H,A2010233,Lat66.02328333Lon-137.2492667Samp13Line13,2015210163345,Gpp_500m,0.0108,0.0108,0.0102,0.0102,0.0126,0.0102,0.0041,0.0129,0.0102,0.0102,0.0102,0.0102,0.0125,0.009,0.0116,0.0129,0.0158,0.019,0.019,0.0102,0.0102,0.0086,0.0102,0.013,0.0161,0.0144,0.0116,0.0129,0.0162,0.0128,0.0102,0.0084,0.0218,0.0084,0.0102,0.0167,0.0167,0.0119,0.0109,0.0092,0.0126,0.0094,0.0151,0.0218,0.0084,0.0084,0.0144,0.0093,0.0093,0.0051,0.0023,0.0125,0.0102,0.0152,0.0108,0.0108,0.0093,0.0175,0.011,0.017,0.0047,0.0078,0.0125,0.0141,0.009,0.006,0.0168,0.0167,0.0151,0.0167,0.0214,0.0152,0.0067,0.013,0.013,0.009,0.002,0.0026,0.0182,0.0152,0.0167,0.0077,0.0041,0.0026,0.0109,0.0067,0.009,0.0026,0.0033,0.0051,0.0124,0.0125,0.0049,0.0026,0.0103,0.0084,0.0041,0.0023,0.0023,0.0056,0.0051,0.0151,0.013,0.0149,0.002,0.0051,0.0026,0.0026,0.0026,0.0023,0.0064,0.0064,0.0036,0.013,0.013,0.0051,0.0047,0.0026,F,0.0023,F,0.0041,0.002,0.0036,0.0101,0.0084,0.0036,0.0041,0.0067,0.0116,0.0023,F,0.0026,0.002,0.0128,F,0.0115,0.0026,0.0028,0.0049,0.0115,0.0101,0.0066,0.002,0.002,0.0092,0.0168,0.0115,0.0101,0.0101,0.0049,0.0039,0.0077,0.0113,0.0076,0.0076,0.0023,0.0026,0.0168,0.0109,0.0042,0.0041,0.0087,0.0113,0.0101,0.0101,0.0123,0.0076,0.0109
MOD17A2H.A2010241.h12v02.006.2015210191611.Gpp_500m,MOD17A2H,A2010241,Lat66.02328333Lon-137.2492667Samp13Line13,2015210191611,Gpp_500m,0.0134,0.0139,0.0136,0.0148,0.0123,0.0123,0.0118,0.0165,0.0167,0.0155,0.0164,0.0135,0.0144,0.0115,0.0109,0.0103,0.0155,0.0155,0.0155,0.0095,0.0085,0.0128,0.0136,0.016,0.0155,0.0143,0.013,0.0134,0.0113,0.013,0.0125,0.0114,0.016,0.0147,0.0147,0.0144,0.0153,0.0149,0.0111,0.0159,0.0147,0.0125,0.0106,0.0142,0.0121,0.0147,0.0117,0.0135,0.0119,0.0119,0.0088,0.0136,0.0125,0.0147,0.0147,0.0128,0.0105,0.0125,0.0117,0.0123,0.0122,0.0134,0.0136,0.0141,0.0141,0.014,0.0128,0.0128,0.0153,0.0123,0.0123,0.0136,0.0129,0.0136,0.011,0.0123,0.0133,0.0117,0.0136,0.0125,0.0123,0.0123,0.0129,0.0129,0.0129,0.0147,0.0136,0.0133,0.011,0.0106,0.0137,0.0125,0.0123,0.013,0.0129,0.0136,0.0136,0.0145,0.0122,0.0111,0.013,0.0137,0.0123,0.0135,0.013,0.0135,0.0119,0.0117,0.0145,0.0143,0.0129,0.0135,0.0137,0.013,0.0122,0.0129,0.0117,0.0123,0.0117,0.0123,0.0123,0.0111,0.0135,0.0094,0.0123,0.0095,0.0111,0.0135,0.0116,0.0111,0.0117,0.0097,0.0111,0.0111,0.0123,0.0079,0.0095,0.0111,0.0141,0.0116,0.0088,0.0063,0.0063,0.0074,0.0119,0.0097,0.0079,0.0062,0.0062,0.0088,0.0145,0.0063,0.0063,0.0069,0.008,0.0117,0.0097,0.0062,0.0062,0.0079,0.008,0.0145,0.0063,0.0069,0.0069,0.0072,0.0117,0.0139,0.0144
MOD17A2H.A2010249.h12v02.006.2015210212612.Gpp_500m,MOD17A2H,A2010249,Lat66.02328333Lon-137.2492667Samp13Line13,2015210212612,Gpp_500m,0.0112,0.0111,0.0107,0.0107,0.0096,0.0077,0.0107,0.0105,0.0105,0.0102,0.0117,0.0097,0.0102,0.0096,0.0086,0.0096,0.0106,0.0106,0.0103,0.0096,0.0096,0.0096,0.0096,0.0116,0.0107,0.0096,0.0096,0.0093,0.0093,0.0111,0.0116,0.0112,0.0116,0.0112,0.0096,0.0107,0.0105,0.0096,0.0103,0.0111,0.0102,0.0116,0.0102,0.0107,0.0105,0.0096,0.0094,0.0096,0.0103,0.0103,0.0105,0.0102,0.0096,0.0102,0.0112,0.0111,0.0096,0.0107,0.0121,0.0112,0.0107,0.0105,0.0101,0.0101,0.0096,0.0112,0.0107,0.0111,0.0117,0.0121,0.0121,0.0096,0.0096,0.0101,0.0096,0.0096,0.0106,0.0107,0.0102,0.0094,0.0096,0.0094,0.0084,0.0096,0.0096,0.011,0.011,0.0096,0.0101,0.0103,0.0096,0.0094,0.0094,0.0094,0.0096,0.0107,0.0112,0.0116,0.0101,0.0096,0.0096,0.011,0.0084,0.0084,0.0094,0.0106,0.0094,0.0106,0.0112,0.0116,0.0096,0.0101,0.011,0.0106,0.0099,0.0099,0.0096,0.0094,0.0094,0.0094,0.0096,0.0089,0.0101,0.0101,0.0106,0.0101,0.0099,0.0101,0.0118,0.0116,0.0094,0.0094,0.0084,0.0096,0.0107,0.0101,0.0113,0.0107,0.0116,0.0125,0.0113,0.0111,0.0101,0.0094,0.0099,0.0099,0.011,0.0096,0.0107,0.0099,0.0099,0.0101,0.0101,0.0096,0.0087,0.0096,0.0101,0.0096,0.0096,0.0096,0.0096,0.0099,0.0092,0.0096,0.0096,0.0084,0.0084,0.0087,0.0096
MOD17A2H.A2010257.h12v02.006.2015211015658.Gpp_500m,MOD17A2H,A2010257,Lat66.02328333Lon-137.2492667Samp13Line13,2015211015658,Gpp_500m,0.0068,0.005,0.005,0.0039,0.0039,0.004,0.0035,0.0041,0.0049,0.0051,0.0045,0.0044,0.005,0.0035,0.0033,0.0035,0.0058,0.0058,0.0035,0.0034,0.0035,0.0034,0.0051,0.0051,0.005,0.0044,0.0035,0.0041,0.0034,0.0041,0.0049,0.0041,0.005,0.005,0.0051,0.0051,0.0051,0.0044,0.0044,0.005,0.005,0.0041,0.0044,0.005,0.005,0.005,0.004,0.0041,0.0044,0.0044,0.0045,0.0049,0.004,0.0044,0.005,0.0041,0.0044,0.0055,0.0044,0.0055,0.0044,0.005,0.005,0.0048,0.0043,0.005,0.005,0.0055,0.0055,0.005,0.0044,0.005,0.0044,0.0041,0.0049,0.0041,0.0041,0.005,0.0055,0.0055,0.0041,0.0051,0.0041,0.004,0.0051,0.005,0.005,0.0048,0.0045,0.005,0.0041,0.0044,0.0051,0.0051,0.005,0.005,0.0051,0.0051,0.005,0.005,0.005,0.005,0.005,0.0041,0.0045,0.005,0.004,0.0048,0.0058,0.005,0.0048,0.005,0.005,0.0054,0.0039,0.0039,0.0044,0.005,0.0044,0.0041,0.004,0.0044,0.0049,0.005,0.0054,0.005,0.005,0.005,0.0051,0.0044,0.004,0.004,0.004,0.004,0.0051,0.0054,0.005,0.005,0.0059,0.0051,0.0048,0.0044,0.0035,0.0041,0.004,0.005,0.0044,0.0049,0.0039,0.0038,0.0038,0.004,0.0034,0.004,0.0034,0.0035,0.0041,0.0039,0.0049,0.0034,0.0035,0.0048,0.0054,0.0044,0.0052,0.004,0.004,0.0034,0.0049
MOD17A2H.A2010265.h12v02.006.2015211082442.Gpp_500m,MOD17A2H,A2010265,Lat66.02328333Lon-137.2492667Samp13Line13,2015211082442,Gpp_500m,0.0002,F,F,F,F,F,F,0.0002,F,F,F,0.0002,0.0002,F,F,F,0.0002,0.0002,0.0002,0.0002,0.0002,0.0002,0.0002,0.0002,0.0002,F,F,F,F,F,F,F,F,0.0002,0.0002,F,F,F,F,F,0.0002,F,F,F,F,F,F,F,F,F,F,F,F,F,F,F,F,F,F,F,F,F,F,F,F,F,F,F,F,F,F,F,F,0.0002,0.0002,F,F,F,0.0002,F,F,0.0002,F,F,F,F,F,0.0002,0.0002,F,0.0002,F,F,F,F,F,F,F,0.0002,0.0002,0.0002,0.0002,0.0002,0.0002,F,F,F,F,0.0002,0.0002,0.0002,0.0002,0.0002,0.0002,0.0002,0.0005,0.0002,F,0.0002,0.0002,0.0002,0.0002,0.0002,0.0002,0.0002,0.0002,0.0006,0.0002,F,0.0002,0.0002,0.0004,0.0002,0.0002,F,0.0002,F,0.0006,0.0002,F,F,F,F,0.0004,0.0004,0.0004,0.0005,F,0.0005,0.0003,0.0004,0.0003,F,0.0002,0.0002,F,0.0003,0.0005,0.0002,0.0002,F,0.0004,0.0003,0.0003,F,0.0002,0.0002,F,F
MOD17A2H.A2010273.h12v02.006.2015211090731.Gpp_500m,MOD17A2H,A2010273,Lat66.02328333Lon-137.2492667Samp13Line13,2015211090731,Gpp_500m,F,F,F,F,F,F,F,F,0.0003,F,F,F,F,F,F,F,0.0003,0.0003,0.0003,0.0003,0.0003,F,F,F,F,F,F,F,F,0.0003,F,F,F,F,F,F,F,F,F,F,F,F,F,F,F,F,F,F,F,F,F,F,F,F,F,F,F,F,F,F,F,F,F,F,F,F,F,F,F,F,F,F,F,F,F,F,F,F,F,F,F,0.0003,F,F,F,F,F,F,F,F,F,F,0.0003,F,F,F,F,F,F,F,F,F,F,F,F,F,F,F,F,F,F,F,F,F,F,F,F,F,F,F,F,F,F,0.0003,F,F,F,F,F,F,F,F,F,F,F,0.0003,F,F,F,F,F,F,F,F,F,F,F,F,F,F,F,F,F,F,F,F,F,F,F,F,F,F,F,F,F,F,F,F,F
MOD17A2H.A2010281.h12v02.006.2015211194134.Gpp_500m,MOD17A2H,A2010281,Lat66.02328333Lon-137.2492667Samp13Line13,2015211194134,Gpp_500m,F,F,F,F,F,F,F,F,F,F,F,F,F,F,F,F,F,F,F,F,F,F,F,F,F,F,F,F,F,F,F,F,F,F,F,F,F,F,F,F,F,F,F,F,F,F,F,F,F,F,F,F,F,F,F,F,F,F,F,F,F,F,F,F,F,F,F,F,F,F,F,F,F,F,F,F,F,F,F,F,F,F,F,F,F,F,F,F,F,F,F,F,F,F,F,F,F,F,F,F,F,F,F,F,F,F,F,F,F,F,F,F,F,F,F,F,F,F,F,F,F,F,F,F,F,F,F,F,F,F,F,F,F,F,F,F,F,F,F,F,F,F,F,F,F,F,F,F,F,F,F,F,F,F,F,F,F,F,F,F,F,F,F,F,F,F,F,F,F
MOD17A2H.A2010289.h12v02.006.2015212025626.Gpp_500m,MOD17A2H,A2010289,Lat66.02328333Lon-137.2492667Samp13Line13,2015212025626,Gpp_500m,F,F,F,F,F,F,F,F,F,F,F,F,F,F,F,F,F,F,F,F,F,F,F,F,F,F,F,F,F,F,F,F,F,F,F,F,F,F,F,F,F,F,F,F,F,F,F,F,F,F,F,F,F,F,F,F,F,F,F,F,F,F,F,F,F,F,F,F,F,F,F,F,F,F,F,F,F,F,F,F,F,F,F,F,F,F,F,F,F,F,F,F,F,F,F,F,F,F,F,F,F,F,F,F,F,F,F,F,F,F,F,F,F,F,F,F,F,F,F,F,F,F,F,F,F,F,F,F,F,F,F,F,F,F,F,F,F,F,F,F,F,F,F,F,F,F,F,F,F,F,F,F,F,F,F,F,F,F,F,F,F,F,F,F,F,F,F,F,F
MOD17A2H.A2010297.h12v02.006.2015212043449.Gpp_500m,MOD17A2H,A2010297,Lat66.02328333Lon-137.2492667Samp13Line13,2015212043449,Gpp_500m,F,F,F,F,F,F,F,F,F,F,F,F,F,F,F,F,F,F,F,F,F,F,F,F,F,F,F,F,F,F,F,F,F,F,F,F,F,F,F,F,F,F,F,F,F,F,F,F,F,F,F,F,F,F,F,F,F,F,F,F,F,F,F,F,F,F,F,F,F,F,F,F,F,F,F,F,F,F,F,F,F,F,F,F,F,F,F,F,F,F,F,F,F,F,F,F,F,F,F,F,F,F,F,F,F,F,F,F,F,F,F,F,F,F,F,F,F,F,F,F,F,F,F,F,F,F,F,F,F,F,F,F,F,F,F,F,F,F,F,F,F,F,F,F,F,F,F,F,F,F,F,F,F,F,F,F,F,F,F,F,F,F,F,F,F,F,F,F,F
MOD17A2H.A2010305.h12v02.006.2015213000042.Gpp_500m,MOD17A2H,A2010305,Lat66.02328333Lon-137.2492667Samp13Line13,2015213000042,Gpp_500m,F,F,F,F,F,F,F,F,F,F,F,F,F,F,F,F,F,F,F,F,F,F,F,F,F,F,F,F,F,F,F,F,F,F,F,F,F,F,F,F,F,F,F,F,F,F,F,F,F,F,F,F,F,F,F,F,F,F,F,F,F,F,F,F,F,F,F,F,F,F,F,F,F,F,F,F,F,F,F,F,F,F,F,F,F,F,F,F,F,F,F,F,F,F,F,F,F,F,F,F,F,F,F,F,F,F,F,F,F,F,F,F,F,F,F,F,F,F,F,F,F,F,F,F,F,F,F,F,F,F,F,F,F,F,F,F,F,F,F,F,F,F,F,F,F,F,F,F,F,F,F,F,F,F,F,F,F,F,F,F,F,F,F,F,F,F,F,F,F
MOD17A2H.A2010313.h12v02.006.2015213123213.Gpp_500m,MOD17A2H,A2010313,Lat66.02328333Lon-137.2492667Samp13Line13,2015213123213,Gpp_500m,F,F,F,F,F,F,F,F,F,F,F,F,F,F,F,F,F,F,F,F,F,F,F,F,F,F,F,F,F,F,F,F,F,F,F,F,F,F,F,F,F,F,F,F,F,F,F,F,F,F,F,F,F,F,F,F,F,F,F,F,F,F,F,F,F,F,F,F,F,F,F,F,F,F,F,F,F,F,F,F,F,F,F,F,F,F,F,F,F,F,F,F,F,F,F,F,F,F,F,F,F,F,F,F,F,F,F,F,F,F,F,F,F,F,F,F,F,F,F,F,F,F,F,F,F,F,F,F,F,F,F,F,F,F,F,F,F,F,F,F,F,F,F,F,F,F,F,F,F,F,F,F,F,F,F,F,F,F,F,F,F,F,F,F,F,F,F,F,F
MOD17A2H.A2010321.h12v02.006.2015213163444.Gpp_500m,MOD17A2H,A2010321,Lat66.02328333Lon-137.2492667Samp13Line13,2015213163444,Gpp_500m,F,F,F,F,F,F,F,F,F,F,F,F,F,F,F,F,F,F,F,F,F,F,F,F,F,F,F,F,F,F,F,F,F,F,F,F,F,F,F,F,F,F,F,F,F,F,F,F,F,F,F,F,F,F,F,F,F,F,F,F,F,F,F,F,F,F,F,F,F,F,F,F,F,F,F,F,F,F,F,F,F,F,F,F,F,F,F,F,F,F,F,F,F,F,F,F,F,F,F,F,F,F,F,F,F,F,F,F,F,F,F,F,F,F,F,F,F,F,F,F,F,F,F,F,F,F,F,F,F,F,F,F,F,F,F,F,F,F,F,F,F,F,F,F,F,F,F,F,F,F,F,F,F,F,F,F,F,F,F,F,F,F,F,F,F,F,F,F,F
MOD17A2H.A2010329.h12v02.006.2015213220331.Gpp_500m,MOD17A2H,A2010329,Lat66.02328333Lon-137.2492667Samp13Line13,2015213220331,Gpp_500m,F,F,F,F,F,F,F,F,F,F,F,F,F,F,F,F,F,F,F,F,F,F,F,F,F,F,F,F,F,F,F,F,F,F,F,F,F,F,F,F,F,F,F,F,F,F,F,F,F,F,F,F,F,F,F,F,F,F,F,F,F,F,F,F,F,F,F,F,F,F,F,F,F,F,F,F,F,F,F,F,F,F,F,F,F,F,F,F,F,F,F,F,F,F,F,F,F,F,F,F,F,F,F,F,F,F,F,F,F,F,F,F,F,F,F,F,F,F,F,F,F,F,F,F,F,F,F,F,F,F,F,F,F,F,F,F,F,F,F,F,F,F,F,F,F,F,F,F,F,F,F,F,F,F,F,F,F,F,F,F,F,F,F,F,F,F,F,F,F
MOD17A2H.A2010337.h12v02.006.2015214022250.Gpp_500m,MOD17A2H,A2010337,Lat66.02328333Lon-137.2492667Samp13Line13,2015214022250,Gpp_500m,F,F,F,F,F,F,F,F,F,F,F,F,F,F,F,F,F,F,F,F,F,F,F,F,F,F,F,F,F,F,F,F,F,F,F,F,F,F,F,F,F,F,F,F,F,F,F,F,F,F,F,F,F,F,F,F,F,F,F,F,F,F,F,F,F,F,F,F,F,F,F,F,F,F,F,F,F,F,F,F,F,F,F,F,F,F,F,F,F,F,F,F,F,F,F,F,F,F,F,F,F,F,F,F,F,F,F,F,F,F,F,F,F,F,F,F,F,F,F,F,F,F,F,F,F,F,F,F,F,F,F,F,F,F,F,F,F,F,F,F,F,F,F,F,F,F,F,F,F,F,F,F,F,F,F,F,F,F,F,F,F,F,F,F,F,F,F,F,F
MOD17A2H.A2010345.h12v02.006.2015214045026.Gpp_500m,MOD17A2H,A2010345,Lat66.02328333Lon-137.2492667Samp13Line13,2015214045026,Gpp_500m,F,F,F,F,F,F,F,F,F,F,F,F,F,F,F,F,F,F,F,F,F,F,F,F,F,F,F,F,F,F,F,F,F,F,F,F,F,F,F,F,F,F,F,F,F,F,F,F,F,F,F,F,F,F,F,F,F,F,F,F,F,F,F,F,F,F,F,F,F,F,F,F,F,F,F,F,F,F,F,F,F,F,F,F,F,F,F,F,F,F,F,F,F,F,F,F,F,F,F,F,F,F,F,F,F,F,F,F,F,F,F,F,F,F,F,F,F,F,F,F,F,F,F,F,F,F,F,F,F,F,F,F,F,F,F,F,F,F,F,F,F,F,F,F,F,F,F,F,F,F,F,F,F,F,F,F,F,F,F,F,F,F,F,F,F,F,F,F,F
MOD17A2H.A2010353.h12v02.006.2015214072601.Gpp_500m,MOD17A2H,A2010353,Lat66.02328333Lon-137.2492667Samp13Line13,2015214072601,Gpp_500m,F,F,F,F,F,F,F,F,F,F,F,F,F,F,F,F,F,F,F,F,F,F,F,F,F,F,F,F,F,F,F,F,F,F,F,F,F,F,F,F,F,F,F,F,F,F,F,F,F,F,F,F,F,F,F,F,F,F,F,F,F,F,F,F,F,F,F,F,F,F,F,F,F,F,F,F,F,F,F,F,F,F,F,F,F,F,F,F,F,F,F,F,F,F,F,F,F,F,F,F,F,F,F,F,F,F,F,F,F,F,F,F,F,F,F,F,F,F,F,F,F,F,F,F,F,F,F,F,F,F,F,F,F,F,F,F,F,F,F,F,F,F,F,F,F,F,F,F,F,F,F,F,F,F,F,F,F,F,F,F,F,F,F,F,F,F,F,F,F
MOD17A2H.A2010361.h12v02.006.2015216064018.Gpp_500m,MOD17A2H,A2010361,Lat66.02328333Lon-137.2492667Samp13Line13,2015216064018,Gpp_500m,F,F,F,F,F,F,F,F,F,F,F,F,F,F,F,F,F,F,F,F,F,F,F,F,F,F,F,F,F,F,F,F,F,F,F,F,F,F,F,F,F,F,F,F,F,F,F,F,F,F,F,F,F,F,F,F,F,F,F,F,F,F,F,F,F,F,F,F,F,F,F,F,F,F,F,F,F,F,F,F,F,F,F,F,F,F,F,F,F,F,F,F,F,F,F,F,F,F,F,F,F,F,F,F,F,F,F,F,F,F,F,F,F,F,F,F,F,F,F,F,F,F,F,F,F,F,F,F,F,F,F,F,F,F,F,F,F,F,F,F,F,F,F,F,F,F,F,F,F,F,F,F,F,F,F,F,F,F,F,F,F,F,F,F,F,F,F,F,F
MOD17A2H.A2011001.h12v02.006.2015216163639.Gpp_500m,MOD17A2H,A2011001,Lat66.02328333Lon-137.2492667Samp13Line13,2015216163639,Gpp_500m,F,F,F,F,F,F,F,F,F,F,F,F,F,F,F,F,F,F,F,F,F,F,F,F,F,F,F,F,F,F,F,F,F,F,F,F,F,F,F,F,F,F,F,F,F,F,F,F,F,F,F,F,F,F,F,F,F,F,F,F,F,F,F,F,F,F,F,F,F,F,F,F,F,F,F,F,F,F,F,F,F,F,F,F,F,F,F,F,F,F,F,F,F,F,F,F,F,F,F,F,F,F,F,F,F,F,F,F,F,F,F,F,F,F,F,F,F,F,F,F,F,F,F,F,F,F,F,F,F,F,F,F,F,F,F,F,F,F,F,F,F,F,F,F,F,F,F,F,F,F,F,F,F,F,F,F,F,F,F,F,F,F,F,F,F,F,F,F,F
MOD17A2H.A2011009.h12v02.006.2015216174311.Gpp_500m,MOD17A2H,A2011009,Lat66.02328333Lon-137.2492667Samp13Line13,2015216174311,Gpp_500m,F,F,F,F,F,F,F,F,F,F,F,F,F,F,F,F,F,F,F,F,F,F,F,F,F,F,F,F,F,F,F,F,F,F,F,F,F,F,F,F,F,F,F,F,F,F,F,F,F,F,F,F,F,F,F,F,F,F,F,F,F,F,F,F,F,F,F,F,F,F,F,F,F,F,F,F,F,F,F,F,F,F,F,F,F,F,F,F,F,F,F,F,F,F,F,F,F,F,F,F,F,F,F,F,F,F,F,F,F,F,F,F,F,F,F,F,F,F,F,F,F,F,F,F,F,F,F,F,F,F,F,F,F,F,F,F,F,F,F,F,F,F,F,F,F,F,F,F,F,F,F,F,F,F,F,F,F,F,F,F,F,F,F,F,F,F,F,F,F
MOD17A2H.A2011017.h12v02.006.2015216185532.Gpp_500m,MOD17A2H,A2011017,Lat66.02328333Lon-137.2492667Samp13Line13,2015216185532,Gpp_500m,F,F,F,F,F,F,F,F,F,F,F,F,F,F,F,F,F,F,F,F,F,F,F,F,F,F,F,F,F,F,F,F,F,F,F,F,F,F,F,F,F,F,F,F,F,F,F,F,F,F,F,F,F,F,F,F,F,F,F,F,F,F,F,F,F,F,F,F,F,F,F,F,F,F,F,F,F,F,F,F,F,F,F,F,F,F,F,F,F,F,F,F,F,F,F,F,F,F,F,F,F,F,F,F,F,F,F,F,F,F,F,F,F,F,F,F,F,F,F,F,F,F,F,F,F,F,F,F,F,F,F,F,F,F,F,F,F,F,F,F,F,F,F,F,F,F,F,F,F,F,F,F,F,F,F,F,F,F,F,F,F,F,F,F,F,F,F,F,F
MOD17A2H.A2011025.h12v02.006.2015216214427.Gpp_500m,MOD17A2H,A2011025,Lat66.02328333Lon-137.2492667Samp13Line13,2015216214427,Gpp_500m,F,F,F,F,F,F,F,F,F,F,F,F,F,F,F,F,F,F,F,F,F,F,F,F,F,F,F,F,F,F,F,F,F,F,F,F,F,F,F,F,F,F,F,F,F,F,F,F,F,F,F,F,F,F,F,F,F,F,F,F,F,F,F,F,F,F,F,F,F,F,F,F,F,F,F,F,F,F,F,F,F,F,F,F,F,F,F,F,F,F,F,F,F,F,F,F,F,F,F,F,F,F,F,F,F,F,F,F,F,F,F,F,F,F,F,F,F,F,F,F,F,F,F,F,F,F,F,F,F,F,F,F,F,F,F,F,F,F,F,F,F,F,F,F,F,F,F,F,F,F,F,F,F,F,F,F,F,F,F,F,F,F,F,F,F,F,F,F,F
MOD17A2H.A2011033.h12v02.006.2015217001421.Gpp_500m,MOD17A2H,A2011033,Lat66.02328333Lon-137.2492667Samp13Line13,2015217001421,Gpp_500m,F,F,F,F,F,F,F,F,F,F,F,F,F,F,F,F,F,F,F,F,F,F,F,F,F,F,F,F,F,F,F,F,F,F,F,F,F,F,F,F,F,F,F,F,F,F,F,F,F,F,F,F,F,F,F,F,F,F,F,F,F,F,F,F,F,F,F,F,F,F,F,F,F,F,F,F,F,F,F,F,F,F,F,F,F,F,F,F,F,F,F,F,F,F,F,F,F,F,F,F,F,F,F,F,F,F,F,F,F,F,F,F,F,F,F,F,F,F,F,F,F,F,F,F,F,F,F,F,F,F,F,F,F,F,F,F,F,F,F,F,F,F,F,F,F,F,F,F,F,F,F,F,F,F,F,F,F,F,F,F,F,F,F,F,F,F,F,F,F
MOD17A2H.A2011041.h12v02.006.2015217022740.Gpp_500m,MOD17A2H,A2011041,Lat66.02328333Lon-137.2492667Samp13Line13,2015217022740,Gpp_500m,F,F,F,F,F,F,F,F,F,F,F,F,F,F,F,F,F,F,F,F,F,F,F,F,F,F,F,F,F,F,F,F,F,F,F,F,F,F,F,F,F,F,F,F,F,F,F,F,F,F,F,F,F,F,F,F,F,F,F,F,F,F,F,F,F,F,F,F,F,F,F,F,F,F,F,F,F,F,F,F,F,F,F,F,F,F,F,F,F,F,F,F,F,F,F,F,F,F,F,F,F,F,F,F,F,F,F,F,F,F,F,F,F,F,F,F,F,F,F,F,F,F,F,F,F,F,F,F,F,F,F,F,F,F,F,F,F,F,F,F,F,F,F,F,F,F,F,F,F,F,F,F,F,F,F,F,F,F,F,F,F,F,F,F,F,F,F,F,F
MOD17A2H.A2011049.h12v02.006.2015217040518.Gpp_500m,MOD17A2H,A2011049,Lat66.02328333Lon-137.2492667Samp13Line13,2015217040518,Gpp_500m,F,F,F,F,F,F,F,F,F,F,F,F,F,F,F,F,F,F,F,F,F,F,F,F,F,F,F,F,F,F,F,F,F,F,F,F,F,F,F,F,F,F,F,F,F,F,F,F,F,F,F,F,F,F,F,F,F,F,F,F,F,F,F,F,F,F,F,F,F,F,F,F,F,F,F,F,F,F,F,F,F,F,F,F,F,F,F,F,F,F,F,F,F,F,F,F,F,F,F,F,F,F,F,F,F,F,F,F,F,F,F,F,F,F,F,F,F,F,F,F,F,F,F,F,F,F,F,F,F,F,F,F,F,F,F,F,F,F,F,F,F,F,F,F,F,F,F,F,F,F,F,F,F,F,F,F,F,F,F,F,F,F,F,F,F,F,F,F,F
MOD17A2H.A2011057.h12v02.006.2015217060540.Gpp_500m,MOD17A2H,A2011057,Lat66.02328333Lon-137.2492667Samp13Line13,2015217060540,Gpp_500m,F,F,F,F,F,F,F,F,F,F,F,F,F,F,F,F,F,F,F,F,F,F,F,F,F,F,F,F,F,F,F,F,F,F,F,F,F,F,F,F,F,F,F,F,F,F,F,F,F,F,F,F,F,F,F,F,F,F,F,F,F,F,F,F,F,F,F,F,F,F,F,F,F,F,F,F,F,F,F,F,F,F,F,F,F,F,F,F,F,F,F,F,F,F,F,F,F,F,F,F,F,F,F,F,F,F,F,F,F,F,F,F,F,F,F,F,F,F,F,F,F,F,F,F,F,F,F,F,F,F,F,F,F,F,F,F,F,F,F,F,F,F,F,F,F,F,F,F,F,F,F,F,F,F,F,F,F,F,F,F,F,F,F,F,F,F,F,F,F
MOD17A2H.A2011065.h12v02.006.2015217075840.Gpp_500m,MOD17A2H,A2011065,Lat66.02328333Lon-137.2492667Samp13Line13,2015217075840,Gpp_500m,F,F,F,F,F,F,F,F,F,F,F,F,F,F,F,F,F,F,F,F,F,F,F,F,F,F,F,F,F,F,F,F,F,F,F,F,F,F,F,F,F,F,F,F,F,F,F,F,F,F,F,F,F,F,F,F,F,F,F,F,F,F,F,F,F,F,F,F,F,F,F,F,F,F,F,F,F,F,F,F,F,F,F,F,F,F,F,F,F,F,F,F,F,F,F,F,F,F,F,F,F,F,F,F,F,F,F,F,F,F,F,F,F,F,F,F,F,F,F,F,F,F,F,F,F,F,F,F,F,F,F,F,F,F,F,F,F,F,F,F,F,F,F,F,F,F,F,F,F,F,F,F,F,F,F,F,F,F,F,F,F,F,F,F,F,F,F,F,F
MOD17A2H.A2011073.h12v02.006.2015217121608.Gpp_500m,MOD17A2H,A2011073,Lat66.02328333Lon-137.2492667Samp13Line13,2015217121608,Gpp_500m,F,F,F,F,F,F,F,F,F,F,F,F,F,F,F,F,F,F,F,F,F,F,F,F,F,F,F,F,F,F,F,F,F,F,F,F,F,F,F,F,F,F,F,F,F,F,F,F,F,F,F,F,F,F,F,F,F,F,F,F,F,F,F,F,F,F,F,F,F,F,F,F,F,F,F,F,F,F,F,F,F,F,F,F,F,F,F,F,F,F,F,F,F,F,F,F,F,F,F,F,F,F,F,F,F,F,F,F,F,F,F,F,F,F,F,F,F,F,F,F,F,F,F,F,F,F,F,F,F,F,F,F,F,F,F,F,F,F,F,F,F,F,F,F,F,F,F,F,F,F,F,F,F,F,F,F,F,F,F,F,F,F,F,F,F,F,F,F,F
MOD17A2H.A2011081.h12v02.006.2015217130241.Gpp_500m,MOD17A2H,A2011081,Lat66.02328333Lon-137.2492667Samp13Line13,2015217130241,Gpp_500m,F,F,F,F,F,F,F,F,F,F,F,F,F,F,F,F,F,F,F,F,F,F,F,F,F,F,F,F,F,F,F,F,F,F,F,F,F,F,F,F,F,F,F,F,F,F,F,F,F,F,F,F,F,F,F,F,F,F,F,F,F,F,F,F,F,F,F,F,F,F,F,F,F,F,F,F,F,F,F,F,F,F,F,F,F,F,F,F,F,F,F,F,F,F,F,F,F,F,F,F,F,F,F,F,F,F,F,F,F,F,F,F,F,F,F,F,F,F,F,F,F,F,F,F,F,F,F,F,F,F,F,F,F,F,F,F,F,F,F,F,F,F,F,F,F,F,F,F,F,F,F,F,F,F,F,F,F,F,F,F,F,F,F,F,F,F,F,F,F
MOD17A2H.A2011089.h12v02.006.2015217234153.Gpp_500m,MOD17A2H,A2011089,Lat66.02328333Lon-137.2492667Samp13Line13,2015217234153,Gpp_500m,F,F,F,F,F,F,F,F,F,F,F,F,F,F,F,F,F,F,F,F,F,F,F,F,F,F,F,F,F,F,F,F,F,F,F,F,F,F,F,F,F,F,F,F,F,F,F,F,F,F,F,F,F,F,F,F,F,F,F,F,F,F,F,F,F,F,F,F,F,F,F,F,F,F,F,F,F,F,F,F,F,F,F,F,F,F,F,F,F,F,F,F,F,F,F,F,F,F,F,F,F,F,F,F,F,F,F,F,F,F,F,F,F,F,F,F,F,F,F,F,F,F,F,F,F,F,F,F,F,F,F,F,F,F,F,F,F,F,F,F,F,F,F,F,F,F,F,F,F,F,F,F,F,F,F,F,F,F,F,F,F,F,F,F,F,F,F,F,F
MOD17A2H.A2011097.h12v02.006.2015218145059.Gpp_500m,MOD17A2H,A2011097,Lat66.02328333Lon-137.2492667Samp13Line13,2015218145059,Gpp_500m,F,F,F,F,F,F,F,F,F,F,F,F,F,F,F,F,F,F,F,F,F,F,F,F,F,F,F,F,F,F,F,F,F,F,F,F,F,F,F,F,F,F,F,F,F,F,F,F,F,F,F,F,F,F,F,F,F,F,F,F,F,F,F,F,F,F,F,F,F,F,F,F,F,F,F,F,F,F,F,F,F,F,F,F,F,F,F,F,F,F,F,F,F,F,F,F,F,F,F,F,F,F,F,F,F,F,F,F,F,F,F,F,F,F,F,F,F,F,F,F,F,F,F,F,F,F,F,F,F,F,F,F,F,F,F,F,F,F,F,F,F,F,F,F,F,F,F,F,F,F,F,F,F,F,F,F,F,F,F,F,F,F,F,F,F,F,F,F,F
MOD17A2H.A2011105.h12v02.006.2015218165959.Gpp_500m,MOD17A2H,A2011105,Lat66.02328333Lon-137.2492667Samp13Line13,2015218165959,Gpp_500m,F,F,F,F,F,F,F,F,F,F,F,F,F,F,F,F,F,F,F,F,F,F,F,F,F,F,F,F,F,F,F,F,F,F,F,F,F,F,F,F,F,F,F,F,F,F,F,F,F,F,F,F,F,F,F,F,F,F,F,F,F,F,F,F,F,F,F,F,F,F,F,F,F,F,F,F,F,F,F,F,F,F,F,F,F,F,F,F,F,F,F,F,F,F,F,F,F,F,F,F,F,F,F,F,F,F,F,F,F,F,F,F,F,F,F,F,F,F,F,F,F,F,F,F,F,F,F,F,F,F,F,F,F,F,F,F,F,F,F,F,F,F,F,F,F,F,F,F,F,F,F,F,F,F,F,F,F,F,F,F,F,F,F,F,F,F,F,F,F
MOD17A2H.A2011113.h12v02.006.2015218202456.Gpp_500m,MOD17A2H,A2011113,Lat66.02328333Lon-137.2492667Samp13Line13,2015218202456,Gpp_500m,F,F,F,F,F,F,F,F,F,F,F,F,F,F,F,F,F,F,F,F,F,F,F,F,F,F,F,F,F,F,F,F,F,F,F,F,F,F,F,F,F,F,F,F,F,F,F,F,F,F,F,F,F,F,F,F,F,F,F,F,F,F,F,F,F,F,F,F,F,F,F,F,F,F,F,F,F,F,F,F,F,F,F,F,F,F,F,F,F,F,F,F,F,F,F,F,F,F,F,F,F,F,F,F,F,F,F,F,F,F,F,F,F,F,F,F,F,F,F,F,F,F,F,F,F,F,F,F,F,F,F,F,F,F,F,F,F,F,F,F,F,F,F,F,F,F,F,F,F,F,F,F,F,F,F,F,F,F,F,F,F,F,F,F,F,F,F,F,F
MOD17A2H.A2011121.h12v02.006.2015219000755.Gpp_500m,MOD17A2H,A2011121,Lat66.02328333Lon-137.2492667Samp13Line13,2015219000755,Gpp_500m,F,F,F,F,F,F,F,F,F,F,F,F,F,F,F,F,F,F,F,F,F,F,F,F,F,F,F,F,F,F,F,F,F,F,F,F,F,F,F,F,F,F,F,F,F,F,F,F,F,F,F,F,F,F,F,F,F,F,F,F,F,F,F,F,F,F,F,F,F,F,F,F,F,F,F,F,F,F,F,F,F,F,F,F,F,F,F,F,F,F,F,F,F,F,F,F,F,F,F,F,F,F,F,F,F,F,F,F,F,F,F,F,F,F,F,F,F,F,F,F,F,F,F,F,F,F,F,F,F,F,F,F,F,F,F,F,F,F,F,F,F,F,F,F,F,F,F,F,F,F,F,F,F,F,F,F,F,F,F,F,F,F,F,F,F,F,F,F,F
MOD17A2H.A2011129.h12v02.006.2015219035933.Gpp_500m,MOD17A2H,A2011129,Lat66.02328333Lon-137.2492667Samp13Line13,2015219035933,Gpp_500m,F,F,F,0.0007,0.0005,F,F,F,F,F,F,F,F,F,F,F,F,F,F,F,F,F,F,F,F,F,F,F,F,F,F,F,F,F,F,F,F,F,F,F,F,F,F,F,F,F,F,F,F,F,F,F,F,F,F,F,F,F,F,F,F,F,F,F,F,F,F,F,F,F,F,F,F,F,F,F,F,F,F,F,F,F,F,F,F,F,F,F,F,F,F,F,F,F,F,F,F,F,F,F,F,F,F,F,F,F,F,F,F,F,F,F,F,F,F,F,F,F,F,F,F,F,F,F,F,F,F,F,F,F,F,F,F,F,F,F,F,F,F,F,F,F,F,F,F,F,F,F,F,F,F,F,F,F,F,F,F,F,F,F,F,F,F,F,F,F,F,F,F
MOD17A2H.A2011137.h12v02.006.2015219173157.Gpp_500m,MOD17A2H,A2011137,Lat66.02328333Lon-137.2492667Samp13Line13,2015219173157,Gpp_500m,0.0217,0.0236,0.0236,0.0211,0.0211,0.0199,0.0199,0.0211,0.0199,0.0211,0.021,0.0217,0.0199,0.0223,0.0217,0.0228,0.0251,0.0259,0.0244,0.0191,0.0199,0.0199,0.0217,0.0235,0.0217,0.0199,0.0228,0.0228,0.0228,0.0228,0.0211,0.021,0.0223,0.0235,0.0229,0.0223,0.0217,0.0199,0.0199,0.0228,0.0228,0.0211,0.0229,0.0229,0.0223,0.0223,0.0223,0.0211,0.023,0.0211,0.0217,0.021,0.0229,0.0229,0.0229,0.0223,0.023,0.0235,0.0235,0.0234,0.0211,0.0211,0.0229,0.0198,0.0198,0.0229,0.0235,0.0235,0.0235,0.0211,0.0234,0.0223,0.0199,0.0199,0.0198,0.0198,0.0216,0.0216,0.0235,0.0235,0.0199,0.0199,0.0199,0.0199,0.0229,0.0198,0.0197,0.0197,0.0197,0.0228,0.0197,0.0199,0.0199,0.0199,0.0199,0.0229,0.0233,0.0233,0.0233,0.0216,0.0228,0.0228,0.0197,0.0197,0.0199,0.0199,0.0198,0.021,0.0217,0.0233,0.0216,0.0228,0.0222,0.0221,0.0203,0.021,0.021,0.0229,0.0203,0.0217,0.021,0.021,0.021,0.0222,0.0221,0.0228,0.021,0.0246,0.0245,0.021,0.0197,0.0197,0.021,0.021,0.0222,0.0221,0.022,0.022,0.0227,0.0245,0.0245,0.0234,0.022,0.0197,0.021,0.021,0.021,0.0196,0.0196,0.0227,0.021,0.021,0.021,0.021,0.0191,0.0209,0.021,0.0197,0.0166,0.0196,0.0196,0.0196,0.0196,0.0196,0.021,0.0196,0.0196,0.0196,0.0196
MOD17A2H.A2011145.h12v02.006.2015219231530.Gpp_500m,MOD17A2H,A2011145,Lat66.02328333Lon-137.2492667Samp13Line13,2015219231530,Gpp_500m,0.0417,0.0394,0.0403,0.0417,0.0372,0.035,0.041,0.0424,0.0386,0.0417,0.0416,0.0349,0.0356,0.0365,0.0358,0.035,0.0471,0.0471,0.0471,0.0371,0.0393,0.0393,0.0364,0.043,0.0363,0.0363,0.0372,0.0357,0.0394,0.0394,0.0379,0.0393,0.0432,0.0386,0.0386,0.0363,0.0356,0.0341,0.0341,0.038,0.0394,0.0371,0.0393,0.0393,0.0371,0.0386,0.0356,0.0341,0.0356,0.0356,0.0348,0.034,0.0342,0.0379,0.0409,0.0371,0.0356,0.04,0.0386,0.0386,0.0423,0.0393,0.0386,0.0407,0.0407,0.0409,0.0393,0.0416,0.0409,0.0409,0.04,0.0386,0.0356,0.0356,0.0377,0.0369,0.0384,0.034,0.0363,0.0393,0.0363,0.037,0.037,0.034,0.037,0.0362,0.0362,0.0369,0.0392,0.034,0.0325,0.0363,0.0348,0.0341,0.0348,0.0347,0.0362,0.0407,0.0399,0.0399,0.034,0.034,0.0325,0.0346,0.0356,0.037,0.0355,0.0347,0.0346,0.0346,0.034,0.0346,0.0392,0.0353,0.0333,0.0325,0.0346,0.037,0.0333,0.0326,0.0355,0.0355,0.0369,0.0392,0.0353,0.0377,0.034,0.037,0.0347,0.0346,0.0326,0.034,0.0346,0.0392,0.0392,0.0376,0.0346,0.034,0.037,0.0353,0.0339,0.0339,0.0324,0.0346,0.0376,0.0354,0.0346,0.0304,0.0346,0.034,0.0303,0.0303,0.0317,0.0324,0.031,0.0287,0.0311,0.0288,0.0304,0.0281,0.028,0.0303,0.0324,0.0317,0.0317,0.0324,0.0324,0.0287,0.034
MOD17A2H.A2011153.h12v02.006.2015220045400.Gpp_500m,MOD17A2H,A2011153,Lat66.02328333Lon-137.2492667Samp13Line13,2015220045400,Gpp_500m,0.0263,0.0263,0.0266,0.0253,0.0238,0.0281,0.0281,0.0271,0.0309,0.0309,0.0253,0.0244,0.0253,0.0263,0.0235,0.0235,0.0312,0.0312,0.0307,0.0253,0.0225,0.0225,0.0262,0.0262,0.0262,0.0244,0.0235,0.0225,0.0238,0.0253,0.0248,0.0262,0.0248,0.0266,0.0266,0.0266,0.0248,0.0221,0.0221,0.0258,0.0253,0.0262,0.0225,0.0248,0.0253,0.0244,0.0244,0.0244,0.0226,0.0226,0.0217,0.0226,0.021,0.0248,0.0253,0.0238,0.0244,0.0244,0.0234,0.0248,0.0226,0.0217,0.0211,0.0211,0.0217,0.0262,0.0253,0.0253,0.0253,0.023,0.0226,0.0254,0.0211,0.0211,0.0221,0.0221,0.0221,0.0211,0.0257,0.023,0.0226,0.0226,0.0211,0.0211,0.0211,0.0207,0.0211,0.0217,0.0211,0.0207,0.023,0.0211,0.0211,0.0203,0.0211,0.023,0.023,0.023,0.0207,0.0211,0.023,0.023,0.0212,0.0202,0.0211,0.0211,0.0207,0.0198,0.0207,0.023,0.0221,0.0217,0.0211,0.0207,0.0207,0.0202,0.0202,0.0217,0.0211,0.0207,0.0207,0.0207,0.0217,0.0217,0.023,0.0221,0.0217,0.0217,0.0239,0.0267,0.0207,0.0207,0.0203,0.0207,0.0221,0.023,0.023,0.0221,0.0291,0.0291,0.0271,0.028,0.0239,0.0203,0.023,0.023,0.023,0.0217,0.0211,0.0207,0.0267,0.0262,0.0235,0.0202,0.0202,0.0202,0.023,0.023,0.0198,0.0184,0.0244,0.0221,0.0262,0.0202,0.0202,0.0202,0.0206,0.0202,0.022
MOD17A2H.A2011161.h12v02.006.2015220083307.Gpp_500m,MOD17A2H,A2011161,Lat66.02328333Lon-137.2492667Samp13Line13,2015220083307,Gpp_500m,0.026,0.0192,0.0269,0.0254,0.0299,0.0242,0.0245,0.0261,0.0304,0.028,0.025,0.0266,0.0223,0.0269,0.0254,0.0237,0.0301,0.0324,0.0331,0.0261,0.0281,0.025,0.0255,0.029,0.0313,0.0294,0.0237,0.0237,0.0251,0.0261,0.029,0.0266,0.0293,0.0323,0.0313,0.0269,0.0314,0.0294,0.0294,0.0261,0.0261,0.029,0.0246,0.029,0.029,0.0313,0.0301,0.0285,0.0286,0.028,0.0256,0.0256,0.0276,0.027,0.0285,0.029,0.0285,0.0285,0.0289,0.0315,0.028,0.0223,0.0185,0.0175,0.0194,0.0285,0.0285,0.0304,0.03,0.0329,0.0323,0.03,0.03,0.0215,0.0164,0.015,0.027,0.0271,0.0285,0.03,0.0294,0.0277,0.023,0.0215,0.0215,0.0231,0.015,0.027,0.0271,0.0218,0.0242,0.028,0.0223,0.0223,0.0215,0.0217,0.0231,0.0231,0.0277,0.0281,0.0281,0.0262,0.0263,0.0271,0.0223,0.0252,0.0252,0.0252,0.0269,0.0271,0.0271,0.0267,0.0277,0.0277,0.0271,0.0263,0.0259,0.0261,0.0229,0.0267,0.0262,0.0281,0.0281,0.0267,0.0277,0.0268,0.0279,0.0263,0.0279,0.0279,0.0241,0.0253,0.0262,0.0281,0.0305,0.0271,0.0288,0.0293,0.0281,0.0281,0.0269,0.0305,0.0253,0.0257,0.0281,0.0305,0.0281,0.0281,0.0293,0.0263,0.0242,0.0224,0.0282,0.0253,0.0233,0.0149,0.0257,0.0258,0.0281,0.0268,0.0241,0.0241,0.0242,0.0282,0.0278,0.024,0.0268,0.0268,0.0253
MOD17A2H.A2011169.h12v02.006.2015220125331.Gpp_500m,MOD17A2H,A2011169,Lat66.02328333Lon-137.2492667Samp13Line13,2015220125331,Gpp_500m,0.053,0.0483,0.0483,0.0397,0.0478,0.037,0.0471,0.0465,0.057,0.0511,0.048,0.0418,0.0459,0.0483,0.045,0.0478,0.0647,0.0611,0.0657,0.0438,0.0526,0.045,0.0418,0.0459,0.0439,0.0453,0.047,0.0465,0.0497,0.0385,0.0484,0.0526,0.048,0.0465,0.0445,0.0465,0.0454,0.0473,0.0454,0.0445,0.0484,0.0505,0.0505,0.0418,0.0465,0.0426,0.0413,0.0433,0.0413,0.0413,0.0393,0.0393,0.0393,0.0405,0.0459,0.0413,0.0426,0.0413,0.0433,0.0454,0.032,0.0401,0.0413,0.0421,0.0367,0.0499,0.0499,0.0439,0.0465,0.0459,0.0441,0.0441,0.0441,0.0413,0.0387,0.0308,0.0421,0.0455,0.0439,0.0439,0.0413,0.0426,0.0374,0.0387,0.0374,0.0374,0.0308,0.0429,0.0388,0.0388,0.0322,0.0426,0.0347,0.0381,0.0381,0.0393,0.0374,0.0374,0.0288,0.0388,0.0388,0.0408,0.036,0.0362,0.0301,0.0393,0.0383,0.0383,0.036,0.0455,0.032,0.0355,0.0395,0.0161,0.0421,0.0421,0.0421,0.0383,0.0374,0.0441,0.0241,0.0315,0.0402,0.0395,0.0367,0.0402,0.0429,0.0443,0.0464,0.026,0.0367,0.0275,0.0329,0.0402,0.0396,0.0248,0.0402,0.0482,0.0457,0.0464,0.033,0.035,0.0235,0.0367,0.0402,0.0402,0.0356,0.0383,0.0463,0.0457,0.0403,0.039,0.0122,0.0297,0.0323,0.0432,0.0375,0.026,0.0415,0.0322,0.0383,0.0396,0.039,0.0396,0.0404,0.0417,0.0424,0.0398,0.0417
MOD17A2H.A2011177.h12v02.006.2015220182754.Gpp_500m,MOD17A2H,A2011177,Lat66.02328333Lon-137.2492667Samp13Line13,2015220182754,Gpp_500m,0.053,0.0498,0.0523,0.0505,0.0473,0.0479,0.0498,0.0479,0.0512,0.0545,0.0498,0.0441,0.0447,0.0505,0.0484,0.0473,0.0562,0.0568,0.0569,0.0428,0.0459,0.0484,0.0421,0.0473,0.0473,0.0453,0.0473,0.044,0.0479,0.0433,0.0465,0.0531,0.0484,0.0479,0.0452,0.0473,0.0429,0.0453,0.0434,0.0479,0.0519,0.0465,0.0452,0.0452,0.0465,0.0459,0.0441,0.0415,0.0441,0.0434,0.0416,0.0395,0.0403,0.0421,0.0479,0.0447,0.0434,0.0448,0.0465,0.0441,0.0441,0.0449,0.0449,0.0416,0.0421,0.0447,0.0447,0.0441,0.0465,0.0441,0.0491,0.0473,0.0441,0.0441,0.0416,0.0449,0.0467,0.0449,0.0428,0.0409,0.0441,0.0416,0.0409,0.0441,0.0441,0.0474,0.0441,0.0441,0.0449,0.0441,0.0435,0.0409,0.0409,0.0429,0.039,0.0441,0.0441,0.0434,0.0434,0.0435,0.0435,0.0429,0.039,0.0403,0.0429,0.0449,0.0416,0.0395,0.0434,0.0435,0.0435,0.0449,0.0449,0.039,0.0395,0.0416,0.0416,0.0434,0.0429,0.0403,0.0403,0.0435,0.0454,0.0449,0.0441,0.0429,0.043,0.043,0.0435,0.0435,0.0416,0.0435,0.0441,0.0454,0.0449,0.0442,0.0454,0.0421,0.0454,0.0422,0.0422,0.0442,0.0442,0.0441,0.0441,0.0449,0.0442,0.0435,0.0454,0.0422,0.0382,0.0382,0.0403,0.0409,0.0435,0.0435,0.0429,0.0421,0.0435,0.0403,0.0377,0.0362,0.0416,0.0416,0.043,0.0409,0.043,0.0442,0.0442
MOD17A2H.A2011185.h12v02.006.2015220225617.Gpp_500m,MOD17A2H,A2011185,Lat66.02328333Lon-137.2492667Samp13Line13,2015220225617,Gpp_500m,0.0403,0.0371,0.0371,0.0123,0.0247,0.0395,0.0394,0.0123,0.0402,0.0402,F,F,0.0402,0.018,0.0166,0.0255,0.0565,0.0284,0.047,0.0402,0.018,0.0101,F,F,0.0409,0.0073,0.0255,0.0186,0.0123,0.0365,0.0365,0.0173,0.0223,F,F,0.0044,0.0044,0.0037,0.0236,0.0192,F,F,0.0136,0.0223,F,F,0.0037,0.0037,0.0223,0.0285,0.0204,0.0124,F,0.0136,0.0267,0.0148,0.0044,0.0044,0.029,0.0248,0.0285,0.0037,0.0037,F,0.0044,F,0.0173,0.0267,0.0267,0.0236,0.0204,0.023,0.0073,0.0516,F,0.0588,0.0428,F,0.0044,0.044,0.0174,0.044,0.0485,0.0477,0.0516,0.0516,0.0545,0.0434,0.0255,0.0284,0.0226,0.0454,0.0471,0.049,0.0477,0.0501,0.05,0.0497,0.0434,0.0428,0.0385,0.0398,0.0564,0.0459,0.0485,0.049,0.0464,0.0464,0.0478,0.0485,0.0448,0.0492,0.0491,0.0564,0.0181,0.0473,0.0473,0.0421,0.0317,0.0391,0.0478,0.0478,0.0509,0.0491,0.0497,0.0497,0.0479,0.0473,0.0478,0.0497,0.0335,0.0471,0.0485,0.0509,0.0491,0.0429,0.0478,0.0479,0.0497,0.0467,0.0453,0.049,0.0467,0.0485,0.0492,0.0459,0.0459,0.0478,0.049,0.0447,0.0442,0.0453,0.0442,0.0379,0.0405,0.0428,0.0423,0.0459,0.0459,0.0473,0.0436,0.0453,0.0467,0.0366,0.0366,0.0486,0.0455,0.0472,0.0461
MOD17A2H.A2011193.h12v02.006.2015221022202.Gpp_500m,MOD17A2H,A2011193,Lat66.02328333Lon-137.2492667Samp13Line13,2015221022202,Gpp_500m,F,F,F,F,F,F,F,F,F,F,F,F,F,F,F,F,F,F,F,F,F,F,F,F,F,F,F,F,F,F,F,F,F,F,F,F,F,F,F,F,F,F,F,F,F,F,F,F,F,F,F,F,F,F,F,F,F,F,F,F,F,F,F,F,F,F,F,F,0.0031,0.0031,0.0031,0.0031,0.0031,F,F,F,F,F,F,F,0.0063,0.0063,0.005,0.0031,F,F,F,0.0031,0.0031,F,F,F,F,0.005,F,F,F,F,F,0.0063,F,F,F,F,0.0059,0.0059,0.0059,0.0031,0.005,0.0031,F,F,F,F,F,F,F,0.0059,0.0063,F,F,F,F,F,F,F,0.0031,0.0049,F,F,0.0059,0.0063,F,F,F,F,F,0.0063,0.0049,0.0063,0.0063,F,F,F,F,F,F,F,0.0063,0.0063,0.0063,F,F,F,F,F,F,F,F,F,F,0.0063,F,F,F,F,F,0.0031,0.0031
MOD17A2H.A2011201.h12v02.006.2015221061235.Gpp_500m,MOD17A2H,A2011201,Lat66.02328333Lon-137.2492667Samp13Line13,2015221061235,Gpp_500m,0.0466,0.0453,0.0458,0.0448,0.0453,0.0453,0.0482,0.0515,0.0482,0.0468,0.0441,0.0383,0.04,0.0458,0.0418,0.0417,0.0582,0.059,0.0589,0.0441,0.0412,0.0411,0.0383,0.0423,0.0434,0.041,0.0436,0.043,0.0417,0.0418,0.0446,0.0446,0.0446,0.0436,0.0389,0.0429,0.04,0.0382,0.0382,0.0453,0.0487,0.0487,0.04,0.0423,0.04,0.0372,0.04,0.0394,0.0382,0.0376,0.0462,0.0373,0.04,0.04,0.0417,0.0417,0.0422,0.0382,0.0417,0.0429,0.0376,0.0467,0.0373,0.0411,0.0411,0.0429,0.0411,0.041,0.0496,0.0417,0.0406,0.0502,0.0411,0.0394,0.0404,0.0451,0.0425,0.0409,0.044,0.0496,0.0473,0.0429,0.0401,0.0375,0.0394,0.0394,0.0451,0.0394,0.0404,0.0425,0.0416,0.0496,0.0401,0.0401,0.0405,0.0372,0.0382,0.0382,0.0404,0.0387,0.0445,0.0445,0.0416,0.0421,0.0415,0.0422,0.0394,0.0358,0.0375,0.0398,0.0512,0.0425,0.0462,0.0462,0.0421,0.0416,0.0387,0.0394,0.0399,0.0382,0.0451,0.0451,0.0454,0.042,0.0462,0.0477,0.043,0.043,0.0414,0.0402,0.0382,0.0398,0.0404,0.0482,0.0425,0.0445,0.0438,0.0438,0.043,0.0402,0.0399,0.0431,0.0442,0.0404,0.0482,0.0482,0.0387,0.0425,0.0391,0.0391,0.0414,0.0402,0.0402,0.0408,0.0447,0.0447,0.0392,0.0391,0.0363,0.0373,0.0373,0.0371,0.0385,0.038,0.0413,0.0459,0.0437,0.0391,0.0379
MOD17A2H.A2011209.h12v02.006.2015221092520.Gpp_500m,MOD17A2H,A2011209,Lat66.02328333Lon-137.2492667Samp13Line13,2015221092520,Gpp_500m,0.0477,0.0484,0.0472,0.0449,0.0449,0.0435,0.043,0.0424,0.0453,0.0453,0.0435,0.0435,0.0435,0.0484,0.0441,0.0425,0.0545,0.0553,0.0536,0.0402,0.0449,0.0449,0.0435,0.046,0.049,0.0453,0.0436,0.0419,0.0425,0.0418,0.043,0.0435,0.0449,0.046,0.0472,0.0472,0.0465,0.043,0.0431,0.0442,0.0425,0.043,0.0435,0.0407,0.0449,0.0466,0.0442,0.0465,0.0442,0.0425,0.0465,0.0465,0.0383,0.0407,0.046,0.0466,0.0418,0.0442,0.0434,0.0442,0.0431,0.0448,0.0394,0.0394,0.0401,0.0453,0.0466,0.0453,0.0434,0.045,0.0418,0.0431,0.0382,0.043,0.0406,0.0417,0.0405,0.0477,0.0453,0.0418,0.0401,0.0376,0.0376,0.0401,0.0473,0.0406,0.0417,0.0363,0.0382,0.0429,0.0442,0.0401,0.0376,0.0351,0.0406,0.0417,0.0387,0.0363,0.0376,0.0454,0.0454,0.0454,0.0447,0.044,0.0394,0.0394,0.0371,0.0358,0.0358,0.0387,0.0442,0.0454,0.0447,0.0447,0.0447,0.0404,0.0353,0.0394,0.0411,0.0371,0.0494,0.0363,0.0435,0.0442,0.0459,0.0454,0.0404,0.0489,0.0494,0.0459,0.0395,0.0353,0.0442,0.0425,0.0425,0.0418,0.0418,0.0404,0.0401,0.0382,0.0459,0.0453,0.0435,0.0404,0.0363,0.0382,0.0382,0.0411,0.041,0.0394,0.0382,0.0418,0.0425,0.0435,0.0435,0.0435,0.0327,0.037,0.037,0.0358,0.041,0.0441,0.0466,0.0425,0.0424,0.0429,0.0401,0.0401,0.0418
MOD17A2H.A2011217.h12v02.006.2015221140732.Gpp_500m,MOD17A2H,A2011217,Lat66.02328333Lon-137.2492667Samp13Line13,2015221140732,Gpp_500m,0.0223,0.0218,0.0217,0.0231,0.0224,0.022,0.0238,0.0238,0.0272,0.023,0.023,0.0223,0.0246,0.0202,0.0202,0.0217,0.027,0.027,0.0264,0.0227,0.0227,0.0227,0.0209,0.0246,0.0236,0.0236,0.0217,0.0235,0.0215,0.0215,0.0185,0.0202,0.0201,0.0237,0.0237,0.0231,0.0215,0.0215,0.0215,0.0227,0.0227,0.0227,0.0227,0.0255,0.0255,0.0246,0.0231,0.0216,0.0217,0.0217,0.0217,0.0217,0.0207,0.0253,0.0253,0.0217,0.0246,0.018,0.0215,0.0215,0.0215,0.0217,0.0221,0.0221,0.0221,0.0239,0.0217,0.0236,0.0236,0.0215,0.0215,0.0215,0.0215,0.0215,0.0215,0.0215,0.0216,0.0216,0.0227,0.0194,0.0194,0.0045,0.004,0.0122,0.0152,0.0135,0.0157,0.0223,0.0224,F,0.0099,0.019,0.019,0.019,0.019,0.0215,0.0215,0.0215,0.0216,0.0027,F,F,0.0166,0.0166,0.0106,0.0106,0.0103,0.0106,0.0078,0.016,0.016,0.0024,0.0047,0.0058,0.0232,0.0232,0.0236,0.0103,0.016,0.0108,0.0216,0.0216,0.0216,0.0186,0.0218,0.0218,0.0218,0.0236,0.0241,0.0225,0.0174,0.0216,0.0216,0.0215,0.0215,0.0218,0.0218,0.0218,0.023,0.0232,0.0232,0.0214,0.0214,0.0241,0.0204,0.0144,0.0144,0.0197,0.0187,0.0187,0.0137,0.0137,F,F,F,0.0078,0.0224,0.0191,0.0166,0.0166,0.0166,0.0152,0.0152,0.0204,0.0204,0.0201,0.0201,0.0201,0.023
MOD17A2H.A2011225.h12v02.006.2015221172420.Gpp_500m,MOD17A2H,A2011225,Lat66.02328333Lon-137.2492667Samp13Line13,2015221172420,Gpp_500m,0.0206,0.0211,0.0211,0.019,0.0196,0.0184,0.023,0.0223,0.0204,0.0232,0.0232,0.0204,0.0184,0.0184,0.0184,0.0184,0.0232,0.0252,0.0276,0.0223,0.0228,0.023,0.0199,0.0221,0.0246,0.0223,0.0186,0.0184,0.0202,0.0245,0.0239,0.0235,0.023,0.0235,0.023,0.0222,0.0223,0.022,0.019,0.0204,0.0245,0.0223,0.0239,0.0235,0.0235,0.0221,0.0206,0.0223,0.0221,0.0184,0.018,0.0232,0.0172,0.0206,0.0211,0.0211,0.0187,0.0206,0.0223,0.021,0.021,0.018,0.0231,0.0204,0.0214,0.0211,0.0184,0.021,0.021,0.021,0.0207,0.0179,0.021,0.0214,0.0214,0.0214,0.0214,0.0221,0.0187,0.0204,0.0241,0.0214,0.0179,0.0188,0.022,0.021,0.021,0.0214,0.0214,0.0214,0.0223,0.0249,0.0214,0.0184,0.0202,0.0199,0.021,0.0221,0.0214,0.0195,0.0214,0.0231,0.0223,0.021,0.0202,0.0221,0.0193,0.0214,0.0202,0.0202,0.0195,0.0221,0.023,0.023,0.021,0.0195,0.021,0.0199,0.0221,0.0221,0.0202,0.0221,0.0219,0.021,0.023,0.0214,0.0214,0.0229,0.0219,0.0228,0.0221,0.021,0.0214,0.0221,0.0219,0.021,0.0195,0.0223,0.0229,0.0175,0.0189,0.0188,0.0204,0.0214,0.0221,0.0219,0.0214,0.021,0.0223,0.0195,0.0167,0.018,0.0188,0.0167,0.0188,0.0185,0.0204,0.0204,0.021,0.0164,0.0167,0.0195,0.018,0.0188,0.0172,0.0179,0.0185,0.0179,0.0185
MOD17A2H.A2011233.h12v02.006.2015221215032.Gpp_500m,MOD17A2H,A2011233,Lat66.02328333Lon-137.2492667Samp13Line13,2015221215032,Gpp_500m,0.0261,0.0256,0.0256,0.0242,0.0242,0.0246,0.0263,0.0256,0.0263,0.0278,0.0275,0.0253,0.0236,0.0232,0.0225,0.0181,0.0307,0.0302,0.0288,0.0249,0.0232,0.022,0.0253,0.0236,0.0239,0.0188,0.0249,0.0253,0.019,0.0211,0.0249,0.0275,0.0246,0.0188,0.0191,0.0191,0.0202,0.0202,0.0195,0.0184,0.0249,0.0202,0.0263,0.0188,0.0188,0.0188,0.0212,0.0202,0.0202,0.0198,0.0202,0.0231,0.0239,0.0239,0.0188,0.0188,0.0188,0.0239,0.027,0.0198,0.0231,0.0254,0.0231,0.0241,0.0241,0.0188,0.0188,0.0286,0.0239,0.0294,0.0294,0.0231,0.0254,0.0231,0.0268,0.0262,0.0262,0.0204,0.0286,0.0278,0.0268,0.0202,0.0198,0.022,0.0254,0.0293,0.0254,0.0227,0.0204,0.0242,0.0242,0.0239,0.0236,0.0198,0.0249,0.0286,0.0235,0.0249,0.0254,0.0249,0.0239,0.0242,0.0225,0.0213,0.0241,0.0249,0.0254,0.0235,0.0225,0.0225,0.0213,0.0239,0.0229,0.0229,0.0228,0.0213,0.0225,0.0231,0.022,0.0217,0.0212,0.0213,0.0213,0.0231,0.0225,0.0217,0.0217,0.0213,0.0225,0.0217,0.0217,0.0212,0.0213,0.0221,0.0231,0.0225,0.0217,0.0242,0.0228,0.0217,0.0217,0.0213,0.0213,0.0217,0.021,0.021,0.021,0.0213,0.0242,0.0267,0.0246,0.021,0.0213,0.02,0.02,0.0247,0.021,0.021,0.0201,0.0201,0.0185,0.0254,0.0253,0.025,0.02,0.0239,0.0217,0.0221,0.0221
MOD17A2H.A2011241.h12v02.006.2015222015906.Gpp_500m,MOD17A2H,A2011241,Lat66.02328333Lon-137.2492667Samp13Line13,2015222015906,Gpp_500m,0.0149,0.0149,0.0149,0.0127,0.0149,0.0136,0.0145,0.0145,0.0142,0.0157,0.016,0.0135,0.0135,0.0149,0.0127,0.0141,0.0173,0.0157,0.0159,0.0134,0.014,0.0148,0.0161,0.0161,0.0153,0.014,0.0117,0.014,0.014,0.0135,0.0128,0.0159,0.0159,0.0159,0.0147,0.0153,0.014,0.0132,0.0132,0.014,0.0157,0.0136,0.0136,0.0148,0.0144,0.0147,0.0129,0.0132,0.0134,0.0134,0.0134,0.0141,0.0127,0.0149,0.0159,0.014,0.014,0.0159,0.0159,0.0161,0.0174,0.0174,0.0134,0.0137,0.016,0.0193,0.0161,0.016,0.0159,0.0174,0.0166,0.0174,0.0174,0.016,0.0137,0.0137,0.016,0.016,0.0129,0.0157,0.014,0.0147,0.0125,0.0112,0.0148,0.0155,0.0174,0.0134,0.0137,0.0173,0.0172,0.0125,0.0125,0.0134,0.0112,0.0148,0.0155,0.0181,0.0175,0.0141,0.0159,0.0181,0.0123,0.0134,0.0134,0.0134,0.0134,0.0125,0.016,0.0175,0.0168,0.0164,0.0168,0.015,0.0134,0.0137,0.0137,0.0152,0.0141,0.0137,0.0137,0.0156,0.0159,0.0168,0.0146,0.0149,0.0135,0.0149,0.0176,0.0157,0.0141,0.0129,0.0134,0.0159,0.0168,0.0146,0.0158,0.0156,0.0156,0.0155,0.0131,0.0157,0.0163,0.0137,0.0156,0.015,0.0134,0.0134,0.0118,0.0118,0.0155,0.0131,0.0166,0.0163,0.0142,0.0118,0.0161,0.0115,0.0115,0.0129,0.0129,0.0129,0.0177,0.0177,0.0151,0.0154,0.0157,0.0135,0.0139
MOD17A2H.A2011249.h12v02.006.2015222051528.Gpp_500m,MOD17A2H,A2011249,Lat66.02328333Lon-137.2492667Samp13Line13,2015222051528,Gpp_500m,0.0111,0.0113,0.0111,0.0103,0.0107,0.0103,0.0103,0.0097,0.0111,0.0122,0.0103,0.0103,0.0103,0.011,0.0097,0.0097,0.011,0.011,0.012,0.0088,0.0093,0.0097,0.0113,0.012,0.0112,0.0112,0.0097,0.0097,0.011,0.0103,0.012,0.012,0.012,0.012,0.0118,0.0112,0.0112,0.0097,0.0109,0.011,0.0113,0.011,0.0103,0.0112,0.0118,0.0103,0.0108,0.0097,0.0109,0.0103,0.0109,0.0109,0.0103,0.0097,0.0112,0.0112,0.0097,0.0118,0.0126,0.0126,0.0112,0.011,0.011,0.0106,0.0103,0.0113,0.011,0.012,0.0118,0.0126,0.012,0.0126,0.0097,0.0106,0.0106,0.0099,0.0103,0.0118,0.012,0.012,0.0097,0.0106,0.0096,0.0098,0.0106,0.0114,0.0126,0.0127,0.0127,0.0112,0.011,0.0097,0.0097,0.0096,0.0112,0.0114,0.012,0.0128,0.0127,0.0127,0.012,0.012,0.012,0.012,0.012,0.0109,0.0096,0.0123,0.0128,0.012,0.012,0.0118,0.0118,0.0119,0.0112,0.0099,0.011,0.0103,0.0103,0.0112,0.0112,0.011,0.0118,0.0119,0.0119,0.0112,0.011,0.0123,0.0128,0.0112,0.0099,0.0112,0.011,0.011,0.012,0.0119,0.0117,0.0117,0.0123,0.0128,0.012,0.0117,0.0103,0.0099,0.012,0.011,0.0119,0.0099,0.0103,0.0103,0.0099,0.0099,0.0099,0.0103,0.01,0.01,0.011,0.0096,0.0099,0.0078,0.0099,0.0099,0.0099,0.0099,0.01,0.01,0.01,0.01,0.01
MOD17A2H.A2011257.h12v02.006.2015222133447.Gpp_500m,MOD17A2H,A2011257,Lat66.02328333Lon-137.2492667Samp13Line13,2015222133447,Gpp_500m,0.0068,0.0077,0.0077,0.008,0.0063,0.005,0.0075,0.0075,0.0087,0.0087,0.008,0.0142,0.008,0.0075,0.0075,0.0058,0.0086,0.0075,0.0065,0.005,0.0067,0.0067,0.0086,0.0086,0.008,0.008,0.0063,0.0063,0.0075,0.008,0.008,0.008,0.0087,0.0086,0.0086,0.0086,0.008,0.008,0.0077,0.0077,0.0077,0.0077,0.008,0.0087,0.0087,0.008,0.008,0.0077,0.0081,0.0077,0.0077,0.0077,0.0077,0.0077,0.0086,0.0086,0.0081,0.0093,0.0086,0.0081,0.0095,0.0081,0.0094,0.0111,0.0114,0.0086,0.0087,0.0081,0.0093,0.0093,0.0095,0.0095,0.0077,0.0108,0.011,0.0097,0.0097,0.0086,0.0087,0.0077,0.0081,0.0081,0.0077,0.0111,0.0114,0.0114,0.0094,0.0081,0.0081,0.0086,0.0081,0.0092,0.0092,0.0087,0.0111,0.0111,0.0122,0.0092,0.0094,0.0081,0.0086,0.0081,0.008,0.0086,0.0087,0.0111,0.0105,0.0105,0.0107,0.0094,0.0086,0.0086,0.0103,0.0103,0.0105,0.0097,0.0105,0.0095,0.0094,0.0107,0.0077,0.008,0.0081,0.0107,0.0112,0.0105,0.0107,0.0107,0.0115,0.0093,0.0094,0.0077,0.0077,0.0087,0.0107,0.0112,0.0112,0.0112,0.0107,0.0107,0.0081,0.0093,0.0087,0.0077,0.0087,0.0087,0.0105,0.0091,0.009,0.0076,0.0107,0.0081,0.0072,0.0072,0.0069,0.0069,0.0103,0.0103,0.0077,0.009,0.0076,0.008,0.008,0.008,0.007,0.007,0.0069,0.0069,0.0085
MOD17A2H.A2011265.h12v02.006.2015222150353.Gpp_500m,MOD17A2H,A2011265,Lat66.02328333Lon-137.2492667Samp13Line13,2015222150353,Gpp_500m,0.0027,F,0.0003,0.0009,0.0003,0.0003,0.0003,0.0007,0.0003,0.0003,0.0003,0.0003,0.0003,0.0009,0.0009,0.0009,0.0009,0.0009,0.0009,0.0003,0.0003,0.0003,0.0003,0.0003,0.0003,0.0003,0.0009,0.0009,0.0003,0.0003,0.0003,0.0018,0.0003,0.0003,0.0003,0.0003,0.0003,F,F,0.0009,0.0009,0.0003,0.0003,0.002,0.0003,0.0003,F,F,F,F,F,F,0.0009,0.0018,F,F,F,F,F,F,F,F,F,F,F,F,F,F,F,F,F,F,F,F,F,F,F,F,F,F,F,F,F,F,F,F,F,F,F,F,F,F,F,F,F,F,F,F,F,F,F,F,F,F,F,F,F,F,F,F,F,F,F,F,F,F,0.0003,F,F,F,F,F,F,F,F,F,F,F,F,F,F,F,F,F,F,F,F,0.0003,0.0003,0.0003,0.0003,0.0003,0.0003,F,F,F,0.0003,0.0003,F,0.0003,0.0003,F,0.0003,F,F,F,0.0003,0.0003,0.0003,F,F,F,F,F,F,F,F,0.0003,0.0003
MOD17A2H.A2011273.h12v02.006.2015222161002.Gpp_500m,MOD17A2H,A2011273,Lat66.02328333Lon-137.2492667Samp13Line13,2015222161002,Gpp_500m,0.0025,0.003,0.003,0.0023,0.0017,0.0019,0.0018,0.0007,0.001,F,0.0012,F,0.0009,0.0022,0.0013,0.0017,0.002,0.0017,0.0008,0.0005,0.0009,0.0005,0.0005,0.0006,0.0008,0.0011,0.0013,0.0014,F,0.001,0.0006,F,F,0.0013,0.0011,0.001,0.0011,0.0011,0.0008,F,0.0022,0.0025,F,0.0014,0.0017,0.0011,0.0011,0.0011,0.0011,0.0011,0.0006,F,0.0026,0.0011,0.0018,0.0024,0.0013,0.0011,0.0006,0.0008,0.0006,F,F,F,0.001,0.0018,0.0024,0.0024,0.0012,0.0006,0.0011,0.001,F,F,F,0.001,0.0011,0.0011,0.0026,0.0008,F,0.0008,0.0006,0.0006,F,0.0011,0.0008,0.001,0.0025,F,F,0.0008,F,0.0006,0.0006,0.0011,0.0011,0.0011,0.0013,0.0025,0.0025,F,F,F,F,0.001,0.0007,0.0008,0.0011,0.0025,0.0025,0.0025,F,F,F,F,0.0014,0.0007,0.0008,0.0025,0.0025,0.0025,0.0018,F,F,F,F,0.0025,0.002,0.0025,0.001,0.003,0.0025,0.0025,0.0025,0.0025,0.0025,0.002,0.0025,0.002,0.0025,0.0024,0.002,F,0.0025,0.0024,0.0025,0.0025,0.0022,0.0014,0.002,0.002,0.0014,0.002,0.0023,0.0008,0.0031,0.0008,0.0018,0.0019,0.0012,0.0011,0.0011,0.001,0.0018,0.0011,0.0012,0.001,0.002
MOD17A2H.A2011281.h12v02.006.2015222165406.Gpp_500m,MOD17A2H,A2011281,Lat66.02328333Lon-137.2492667Samp13Line13,2015222165406,Gpp_500m,F,F,F,F,F,F,F,F,F,F,F,F,F,F,F,F,F,F,F,F,F,F,F,F,F,F,F,F,F,F,F,F,F,F,F,F,F,F,F,F,F,F,F,F,F,F,F,F,F,F,F,F,F,F,F,F,F,F,F,F,F,F,F,F,F,F,F,F,F,F,F,F,F,F,F,F,F,F,F,F,F,F,F,F,F,F,F,F,F,F,F,F,F,F,F,F,F,F,F,F,F,F,F,F,F,F,F,F,F,F,F,F,F,F,F,F,F,F,F,F,F,F,F,F,F,F,F,F,F,F,F,F,F,F,F,F,F,F,F,F,F,F,F,F,F,F,F,F,F,F,F,F,F,F,F,F,F,F,F,F,F,F,F,F,F,F,F,F,F
MOD17A2H.A2011289.h12v02.006.2015223054817.Gpp_500m,MOD17A2H,A2011289,Lat66.02328333Lon-137.2492667Samp13Line13,2015223054817,Gpp_500m,F,F,F,F,F,F,F,F,F,F,F,F,F,F,F,F,F,F,F,F,F,F,F,F,F,F,F,F,F,F,F,F,F,F,F,F,F,F,F,F,F,F,F,F,F,F,F,F,F,F,F,F,F,F,F,F,F,F,F,F,F,F,F,F,F,F,F,F,F,F,F,F,F,F,F,F,F,F,F,F,F,F,F,F,F,F,F,F,F,F,F,F,F,F,F,F,F,F,F,F,F,F,F,F,F,F,F,F,F,F,F,F,F,F,F,F,F,F,F,F,F,F,F,F,F,F,F,F,F,F,F,F,F,F,F,F,F,F,F,F,F,F,F,F,F,F,F,F,F,F,F,F,F,F,F,F,F,F,F,F,F,F,F,F,F,F,F,F,F
MOD17A2H.A2011297.h12v02.006.2015229173529.Gpp_500m,MOD17A2H,A2011297,Lat66.02328333Lon-137.2492667Samp13Line13,2015229173529,Gpp_500m,F,F,F,F,F,F,F,F,F,F,F,F,F,F,F,F,F,F,F,F,F,F,F,F,F,F,F,F,F,F,F,F,F,F,F,F,F,F,F,F,F,F,F,F,F,F,F,F,F,F,F,F,F,F,F,F,F,F,F,F,F,F,F,F,F,F,F,F,F,F,F,F,F,F,F,F,F,F,F,F,F,F,F,F,F,F,F,F,F,F,F,F,F,F,F,F,F,F,F,F,F,F,F,F,F,F,F,F,F,F,F,F,F,F,F,F,F,F,F,F,F,F,F,F,F,F,F,F,F,F,F,F,F,F,F,F,F,F,F,F,F,F,F,F,F,F,F,F,F,F,F,F,F,F,F,F,F,F,F,F,F,F,F,F,F,F,F,F,F
MOD17A2H.A2011305.h12v02.006.2015229211118.Gpp_500m,MOD17A2H,A2011305,Lat66.02328333Lon-137.2492667Samp13Line13,2015229211118,Gpp_500m,F,F,F,F,F,F,F,F,F,F,F,F,F,F,F,F,F,F,F,F,F,F,F,F,F,F,F,F,F,F,F,F,F,F,F,F,F,F,F,F,F,F,F,F,F,F,F,F,F,F,F,F,F,F,F,F,F,F,F,F,F,F,F,F,F,F,F,F,F,F,F,F,F,F,F,F,F,F,F,F,F,F,F,F,F,F,F,F,F,F,F,F,F,F,F,F,F,F,F,F,F,F,F,F,F,F,F,F,F,F,F,F,F,F,F,F,F,F,F,F,F,F,F,F,F,F,F,F,F,F,F,F,F,F,F,F,F,F,F,F,F,F,F,F,F,F,F,F,F,F,F,F,F,F,F,F,F,F,F,F,F,F,F,F,F,F,F,F,F
MOD17A2H.A2011313.h12v02.006.2015230003950.Gpp_500m,MOD17A2H,A2011313,Lat66.02328333Lon-137.2492667Samp13Line13,2015230003950,Gpp_500m,F,F,F,F,F,F,F,F,F,F,F,F,F,F,F,F,F,F,F,F,F,F,F,F,F,F,F,F,F,F,F,F,F,F,F,F,F,F,F,F,F,F,F,F,F,F,F,F,F,F,F,F,F,F,F,F,F,F,F,F,F,F,F,F,F,F,F,F,F,F,F,F,F,F,F,F,F,F,F,F,F,F,F,F,F,F,F,F,F,F,F,F,F,F,F,F,F,F,F,F,F,F,F,F,F,F,F,F,F,F,F,F,F,F,F,F,F,F,F,F,F,F,F,F,F,F,F,F,F,F,F,F,F,F,F,F,F,F,F,F,F,F,F,F,F,F,F,F,F,F,F,F,F,F,F,F,F,F,F,F,F,F,F,F,F,F,F,F,F
MOD17A2H.A2011321.h12v02.006.2015230034722.Gpp_500m,MOD17A2H,A2011321,Lat66.02328333Lon-137.2492667Samp13Line13,2015230034722,Gpp_500m,F,F,F,F,F,F,F,F,F,F,F,F,F,F,F,F,F,F,F,F,F,F,F,F,F,F,F,F,F,F,F,F,F,F,F,F,F,F,F,F,F,F,F,F,F,F,F,F,F,F,F,F,F,F,F,F,F,F,F,F,F,F,F,F,F,F,F,F,F,F,F,F,F,F,F,F,F,F,F,F,F,F,F,F,F,F,F,F,F,F,F,F,F,F,F,F,F,F,F,F,F,F,F,F,F,F,F,F,F,F,F,F,F,F,F,F,F,F,F,F,F,F,F,F,F,F,F,F,F,F,F,F,F,F,F,F,F,F,F,F,F,F,F,F,F,F,F,F,F,F,F,F,F,F,F,F,F,F,F,F,F,F,F,F,F,F,F,F,F
MOD17A2H.A2011329.h12v02.006.2015230060933.Gpp_500m,MOD17A2H,A2011329,Lat66.02328333Lon-137.2492667Samp13Line13,2015230060933,Gpp_500m,F,F,F,F,F,F,F,F,F,F,F,F,F,F,F,F,F,F,F,F,F,F,F,F,F,F,F,F,F,F,F,F,F,F,F,F,F,F,F,F,F,F,F,F,F,F,F,F,F,F,F,F,F,F,F,F,F,F,F,F,F,F,F,F,F,F,F,F,F,F,F,F,F,F,F,F,F,F,F,F,F,F,F,F,F,F,F,F,F,F,F,F,F,F,F,F,F,F,F,F,F,F,F,F,F,F,F,F,F,F,F,F,F,F,F,F,F,F,F,F,F,F,F,F,F,F,F,F,F,F,F,F,F,F,F,F,F,F,F,F,F,F,F,F,F,F,F,F,F,F,F,F,F,F,F,F,F,F,F,F,F,F,F,F,F,F,F,F,F
MOD17A2H.A2011337.h12v02.006.2015230073106.Gpp_500m,MOD17A2H,A2011337,Lat66.02328333Lon-137.2492667Samp13Line13,2015230073106,Gpp_500m,F,F,F,F,F,F,F,F,F,F,F,F,F,F,F,F,F,F,F,F,F,F,F,F,F,F,F,F,F,F,F,F,F,F,F,F,F,F,F,F,F,F,F,F,F,F,F,F,F,F,F,F,F,F,F,F,F,F,F,F,F,F,F,F,F,F,F,F,F,F,F,F,F,F,F,F,F,F,F,F,F,F,F,F,F,F,F,F,F,F,F,F,F,F,F,F,F,F,F,F,F,F,F,F,F,F,F,F,F,F,F,F,F,F,F,F,F,F,F,F,F,F,F,F,F,F,F,F,F,F,F,F,F,F,F,F,F,F,F,F,F,F,F,F,F,F,F,F,F,F,F,F,F,F,F,F,F,F,F,F,F,F,F,F,F,F,F,F,F
MOD17A2H.A2011345.h12v02.006.2015230083109.Gpp_500m,MOD17A2H,A2011345,Lat66.02328333Lon-137.2492667Samp13Line13,2015230083109,Gpp_500m,F,F,F,F,F,F,F,F,F,F,F,F,F,F,F,F,F,F,F,F,F,F,F,F,F,F,F,F,F,F,F,F,F,F,F,F,F,F,F,F,F,F,F,F,F,F,F,F,F,F,F,F,F,F,F,F,F,F,F,F,F,F,F,F,F,F,F,F,F,F,F,F,F,F,F,F,F,F,F,F,F,F,F,F,F,F,F,F,F,F,F,F,F,F,F,F,F,F,F,F,F,F,F,F,F,F,F,F,F,F,F,F,F,F,F,F,F,F,F,F,F,F,F,F,F,F,F,F,F,F,F,F,F,F,F,F,F,F,F,F,F,F,F,F,F,F,F,F,F,F,F,F,F,F,F,F,F,F,F,F,F,F,F,F,F,F,F,F,F
MOD17A2H.A2011353.h12v02.006.2015230090326.Gpp_500m,MOD17A2H,A2011353,Lat66.02328333Lon-137.2492667Samp13Line13,2015230090326,Gpp_500m,F,F,F,F,F,F,F,F,F,F,F,F,F,F,F,F,F,F,F,F,F,F,F,F,F,F,F,F,F,F,F,F,F,F,F,F,F,F,F,F,F,F,F,F,F,F,F,F,F,F,F,F,F,F,F,F,F,F,F,F,F,F,F,F,F,F,F,F,F,F,F,F,F,F,F,F,F,F,F,F,F,F,F,F,F,F,F,F,F,F,F,F,F,F,F,F,F,F,F,F,F,F,F,F,F,F,F,F,F,F,F,F,F,F,F,F,F,F,F,F,F,F,F,F,F,F,F,F,F,F,F,F,F,F,F,F,F,F,F,F,F,F,F,F,F,F,F,F,F,F,F,F,F,F,F,F,F,F,F,F,F,F,F,F,F,F,F,F,F
MOD17A2H.A2011361.h12v02.006.2015230092423.Gpp_500m,MOD17A2H,A2011361,Lat66.02328333Lon-137.2492667Samp13Line13,2015230092423,Gpp_500m,F,F,F,F,F,F,F,F,F,F,F,F,F,F,F,F,F,F,F,F,F,F,F,F,F,F,F,F,F,F,F,F,F,F,F,F,F,F,F,F,F,F,F,F,F,F,F,F,F,F,F,F,F,F,F,F,F,F,F,F,F,F,F,F,F,F,F,F,F,F,F,F,F,F,F,F,F,F,F,F,F,F,F,F,F,F,F,F,F,F,F,F,F,F,F,F,F,F,F,F,F,F,F,F,F,F,F,F,F,F,F,F,F,F,F,F,F,F,F,F,F,F,F,F,F,F,F,F,F,F,F,F,F,F,F,F,F,F,F,F,F,F,F,F,F,F,F,F,F,F,F,F,F,F,F,F,F,F,F,F,F,F,F,F,F,F,F,F,F
MOD17A2H.A2012001.h12v02.006.2015230191219.Gpp_500m,MOD17A2H,A2012001,Lat66.02328333Lon-137.2492667Samp13Line13,2015230191219,Gpp_500m,F,F,F,F,F,F,F,F,F,F,F,F,F,F,F,F,F,F,F,F,F,F,F,F,F,F,F,F,F,F,F,F,F,F,F,F,F,F,F,F,F,F,F,F,F,F,F,F,F,F,F,F,F,F,F,F,F,F,F,F,F,F,F,F,F,F,F,F,F,F,F,F,F,F,F,F,F,F,F,F,F,F,F,F,F,F,F,F,F,F,F,F,F,F,F,F,F,F,F,F,F,F,F,F,F,F,F,F,F,F,F,F,F,F,F,F,F,F,F,F,F,F,F,F,F,F,F,F,F,F,F,F,F,F,F,F,F,F,F,F,F,F,F,F,F,F,F,F,F,F,F,F,F,F,F,F,F,F,F,F,F,F,F,F,F,F,F,F,F
MOD17A2H.A2012009.h12v02.006.2015237131708.Gpp_500m,MOD17A2H,A2012009,Lat66.02328333Lon-137.2492667Samp13Line13,2015237131708,Gpp_500m,F,F,F,F,F,F,F,F,F,F,F,F,F,F,F,F,F,F,F,F,F,F,F,F,F,F,F,F,F,F,F,F,F,F,F,F,F,F,F,F,F,F,F,F,F,F,F,F,F,F,F,F,F,F,F,F,F,F,F,F,F,F,F,F,F,F,F,F,F,F,F,F,F,F,F,F,F,F,F,F,F,F,F,F,F,F,F,F,F,F,F,F,F,F,F,F,F,F,F,F,F,F,F,F,F,F,F,F,F,F,F,F,F,F,F,F,F,F,F,F,F,F,F,F,F,F,F,F,F,F,F,F,F,F,F,F,F,F,F,F,F,F,F,F,F,F,F,F,F,F,F,F,F,F,F,F,F,F,F,F,F,F,F,F,F,F,F,F,F
MOD17A2H.A2012017.h12v02.006.2015237141912.Gpp_500m,MOD17A2H,A2012017,Lat66.02328333Lon-137.2492667Samp13Line13,2015237141912,Gpp_500m,F,F,F,F,F,F,F,F,F,F,F,F,F,F,F,F,F,F,F,F,F,F,F,F,F,F,F,F,F,F,F,F,F,F,F,F,F,F,F,F,F,F,F,F,F,F,F,F,F,F,F,F,F,F,F,F,F,F,F,F,F,F,F,F,F,F,F,F,F,F,F,F,F,F,F,F,F,F,F,F,F,F,F,F,F,F,F,F,F,F,F,F,F,F,F,F,F,F,F,F,F,F,F,F,F,F,F,F,F,F,F,F,F,F,F,F,F,F,F,F,F,F,F,F,F,F,F,F,F,F,F,F,F,F,F,F,F,F,F,F,F,F,F,F,F,F,F,F,F,F,F,F,F,F,F,F,F,F,F,F,F,F,F,F,F,F,F,F,F
MOD17A2H.A2012025.h12v02.006.2015237145547.Gpp_500m,MOD17A2H,A2012025,Lat66.02328333Lon-137.2492667Samp13Line13,2015237145547,Gpp_500m,F,F,F,F,F,F,F,F,F,F,F,F,F,F,F,F,F,F,F,F,F,F,F,F,F,F,F,F,F,F,F,F,F,F,F,F,F,F,F,F,F,F,F,F,F,F,F,F,F,F,F,F,F,F,F,F,F,F,F,F,F,F,F,F,F,F,F,F,F,F,F,F,F,F,F,F,F,F,F,F,F,F,F,F,F,F,F,F,F,F,F,F,F,F,F,F,F,F,F,F,F,F,F,F,F,F,F,F,F,F,F,F,F,F,F,F,F,F,F,F,F,F,F,F,F,F,F,F,F,F,F,F,F,F,F,F,F,F,F,F,F,F,F,F,F,F,F,F,F,F,F,F,F,F,F,F,F,F,F,F,F,F,F,F,F,F,F,F,F
MOD17A2H.A2012033.h12v02.006.2015237152029.Gpp_500m,MOD17A2H,A2012033,Lat66.02328333Lon-137.2492667Samp13Line13,2015237152029,Gpp_500m,F,F,F,F,F,F,F,F,F,F,F,F,F,F,F,F,F,F,F,F,F,F,F,F,F,F,F,F,F,F,F,F,F,F,F,F,F,F,F,F,F,F,F,F,F,F,F,F,F,F,F,F,F,F,F,F,F,F,F,F,F,F,F,F,F,F,F,F,F,F,F,F,F,F,F,F,F,F,F,F,F,F,F,F,F,F,F,F,F,F,F,F,F,F,F,F,F,F,F,F,F,F,F,F,F,F,F,F,F,F,F,F,F,F,F,F,F,F,F,F,F,F,F,F,F,F,F,F,F,F,F,F,F,F,F,F,F,F,F,F,F,F,F,F,F,F,F,F,F,F,F,F,F,F,F,F,F,F,F,F,F,F,F,F,F,F,F,F,F
MOD17A2H.A2012041.h12v02.006.2015238043904.Gpp_500m,MOD17A2H,A2012041,Lat66.02328333Lon-137.2492667Samp13Line13,2015238043904,Gpp_500m,F,F,F,F,F,F,F,F,F,F,F,F,F,F,F,F,F,F,F,F,F,F,F,F,F,F,F,F,F,F,F,F,F,F,F,F,F,F,F,F,F,F,F,F,F,F,F,F,F,F,F,F,F,F,F,F,F,F,F,F,F,F,F,F,F,F,F,F,F,F,F,F,F,F,F,F,F,F,F,F,F,F,F,F,F,F,F,F,F,F,F,F,F,F,F,F,F,F,F,F,F,F,F,F,F,F,F,F,F,F,F,F,F,F,F,F,F,F,F,F,F,F,F,F,F,F,F,F,F,F,F,F,F,F,F,F,F,F,F,F,F,F,F,F,F,F,F,F,F,F,F,F,F,F,F,F,F,F,F,F,F,F,F,F,F,F,F,F,F
MOD17A2H.A2012049.h12v02.006.2015238163045.Gpp_500m,MOD17A2H,A2012049,Lat66.02328333Lon-137.2492667Samp13Line13,2015238163045,Gpp_500m,F,F,F,F,F,F,F,F,F,F,F,F,F,F,F,F,F,F,F,F,F,F,F,F,F,F,F,F,F,F,F,F,F,F,F,F,F,F,F,F,F,F,F,F,F,F,F,F,F,F,F,F,F,F,F,F,F,F,F,F,F,F,F,F,F,F,F,F,F,F,F,F,F,F,F,F,F,F,F,F,F,F,F,F,F,F,F,F,F,F,F,F,F,F,F,F,F,F,F,F,F,F,F,F,F,F,F,F,F,F,F,F,F,F,F,F,F,F,F,F,F,F,F,F,F,F,F,F,F,F,F,F,F,F,F,F,F,F,F,F,F,F,F,F,F,F,F,F,F,F,F,F,F,F,F,F,F,F,F,F,F,F,F,F,F,F,F,F,F
MOD17A2H.A2012057.h12v02.006.2015238192638.Gpp_500m,MOD17A2H,A2012057,Lat66.02328333Lon-137.2492667Samp13Line13,2015238192638,Gpp_500m,F,F,F,F,F,F,F,F,F,F,F,F,F,F,F,F,F,F,F,F,F,F,F,F,F,F,F,F,F,F,F,F,F,F,F,F,F,F,F,F,F,F,F,F,F,F,F,F,F,F,F,F,F,F,F,F,F,F,F,F,F,F,F,F,F,F,F,F,F,F,F,F,F,F,F,F,F,F,F,F,F,F,F,F,F,F,F,F,F,F,F,F,F,F,F,F,F,F,F,F,F,F,F,F,F,F,F,F,F,F,F,F,F,F,F,F,F,F,F,F,F,F,F,F,F,F,F,F,F,F,F,F,F,F,F,F,F,F,F,F,F,F,F,F,F,F,F,F,F,F,F,F,F,F,F,F,F,F,F,F,F,F,F,F,F,F,F,F,F
MOD17A2H.A2012065.h12v02.006.2015238200913.Gpp_500m,MOD17A2H,A2012065,Lat66.02328333Lon-137.2492667Samp13Line13,2015238200913,Gpp_500m,F,F,F,F,F,F,F,F,F,F,F,F,F,F,F,F,F,F,F,F,F,F,F,F,F,F,F,F,F,F,F,F,F,F,F,F,F,F,F,F,F,F,F,F,F,F,F,F,F,F,F,F,F,F,F,F,F,F,F,F,F,F,F,F,F,F,F,F,F,F,F,F,F,F,F,F,F,F,F,F,F,F,F,F,F,F,F,F,F,F,F,F,F,F,F,F,F,F,F,F,F,F,F,F,F,F,F,F,F,F,F,F,F,F,F,F,F,F,F,F,F,F,F,F,F,F,F,F,F,F,F,F,F,F,F,F,F,F,F,F,F,F,F,F,F,F,F,F,F,F,F,F,F,F,F,F,F,F,F,F,F,F,F,F,F,F,F,F,F
MOD17A2H.A2012073.h12v02.006.2015238203125.Gpp_500m,MOD17A2H,A2012073,Lat66.02328333Lon-137.2492667Samp13Line13,2015238203125,Gpp_500m,F,F,F,F,F,F,F,F,F,F,F,F,F,F,F,F,F,F,F,F,F,F,F,F,F,F,F,F,F,F,F,F,F,F,F,F,F,F,F,F,F,F,F,F,F,F,F,F,F,F,F,F,F,F,F,F,F,F,F,F,F,F,F,F,F,F,F,F,F,F,F,F,F,F,F,F,F,F,F,F,F,F,F,F,F,F,F,F,F,F,F,F,F,F,F,F,F,F,F,F,F,F,F,F,F,F,F,F,F,F,F,F,F,F,F,F,F,F,F,F,F,F,F,F,F,F,F,F,F,F,F,F,F,F,F,F,F,F,F,F,F,F,F,F,F,F,F,F,F,F,F,F,F,F,F,F,F,F,F,F,F,F,F,F,F,F,F,F,F
MOD17A2H.A2012081.h12v02.006.2015239184955.Gpp_500m,MOD17A2H,A2012081,Lat66.02328333Lon-137.2492667Samp13Line13,2015239184955,Gpp_500m,F,F,F,F,F,F,F,F,F,F,F,F,F,F,F,F,F,F,F,F,F,F,F,F,F,F,F,F,F,F,F,F,F,F,F,F,F,F,F,F,F,F,F,F,F,F,F,F,F,F,F,F,F,F,F,F,F,F,F,F,F,F,F,F,F,F,F,F,F,F,F,F,F,F,F,F,F,F,F,F,F,F,F,F,F,F,F,F,F,F,F,F,F,F,F,F,F,F,F,F,F,F,F,F,F,F,F,F,F,F,F,F,F,F,F,F,F,F,F,F,F,F,F,F,F,F,F,F,F,F,F,F,F,F,F,F,F,F,F,F,F,F,F,F,F,F,F,F,F,F,F,F,F,F,F,F,F,F,F,F,F,F,F,F,F,F,F,F,F
MOD17A2H.A2012089.h12v02.006.2015240055053.Gpp_500m,MOD17A2H,A2012089,Lat66.02328333Lon-137.2492667Samp13Line13,2015240055053,Gpp_500m,F,F,F,F,F,F,F,F,F,F,F,F,F,F,F,F,F,F,F,F,F,F,F,F,F,F,F,F,F,F,F,F,F,F,F,F,F,F,F,F,F,F,F,F,F,F,F,F,F,F,F,F,F,F,F,F,F,F,F,F,F,F,F,F,F,F,F,F,F,F,F,F,F,F,F,F,F,F,F,F,F,F,F,F,F,F,F,F,F,F,F,F,F,F,F,F,F,F,F,F,F,F,F,F,F,F,F,F,F,F,F,F,F,F,F,F,F,F,F,F,F,F,F,F,F,F,F,F,F,F,F,F,F,F,F,F,F,F,F,F,F,F,F,F,F,F,F,F,F,F,F,F,F,F,F,F,F,F,F,F,F,F,F,F,F,F,F,F,F
MOD17A2H.A2012097.h12v02.006.2015240070651.Gpp_500m,MOD17A2H,A2012097,Lat66.02328333Lon-137.2492667Samp13Line13,2015240070651,Gpp_500m,F,F,F,F,F,F,F,F,F,F,F,F,F,F,F,F,F,F,F,F,F,F,F,F,F,F,F,F,F,F,F,F,F,F,F,F,F,F,F,F,F,F,F,F,F,F,F,F,F,F,F,F,F,F,F,F,F,F,F,F,F,F,F,F,F,F,F,F,F,F,F,F,F,F,F,F,F,F,F,F,F,F,F,F,F,F,F,F,F,F,F,F,F,F,F,F,F,F,F,F,F,F,F,F,F,F,F,F,F,F,F,F,F,F,F,F,F,F,F,F,F,F,F,F,F,F,F,F,F,F,F,F,F,F,F,F,F,F,F,F,F,F,F,F,F,F,F,F,F,F,F,F,F,F,F,F,F,F,F,F,F,F,F,F,F,F,F,F,F
MOD17A2H.A2012105.h12v02.006.2015241120719.Gpp_500m,MOD17A2H,A2012105,Lat66.02328333Lon-137.2492667Samp13Line13,2015241120719,Gpp_500m,F,F,F,F,F,F,F,F,F,F,F,F,F,F,F,F,F,F,F,F,F,F,F,F,F,F,F,F,F,F,F,F,F,F,F,F,F,F,F,F,F,F,F,F,F,F,F,F,F,F,F,F,F,F,F,F,F,F,F,F,F,F,F,F,F,F,F,F,F,F,F,F,F,F,F,F,F,F,F,F,F,F,F,F,F,F,F,F,F,F,F,F,F,F,F,F,F,F,F,F,F,F,F,F,F,F,F,F,F,F,F,F,F,F,F,F,F,F,F,F,F,F,F,F,F,F,F,F,F,F,F,F,F,F,F,F,F,F,F,F,F,F,F,F,F,F,F,F,F,F,F,F,F,F,F,F,F,F,F,F,F,F,F,F,F,F,F,F,F
MOD17A2H.A2012113.h12v02.006.2015241122720.Gpp_500m,MOD17A2H,A2012113,Lat66.02328333Lon-137.2492667Samp13Line13,2015241122720,Gpp_500m,F,F,F,F,F,F,F,F,F,F,F,F,F,F,F,F,F,F,F,F,F,F,F,F,F,F,F,F,F,F,F,F,F,F,F,F,F,F,F,F,F,F,F,F,F,F,F,F,F,F,F,F,F,F,F,F,F,F,F,F,F,F,F,F,F,F,F,F,F,F,F,F,F,F,F,F,F,F,F,F,F,F,F,F,F,F,F,F,F,F,F,F,F,F,F,F,F,F,F,F,F,F,F,F,F,F,F,F,F,F,F,F,F,F,F,F,F,F,F,F,F,F,F,F,F,F,F,F,F,F,F,F,F,F,F,F,F,F,F,F,F,F,F,F,F,F,F,F,F,F,F,F,F,F,F,F,F,F,F,F,F,F,F,F,F,F,F,F,F
MOD17A2H.A2012121.h12v02.006.2015241124350.Gpp_500m,MOD17A2H,A2012121,Lat66.02328333Lon-137.2492667Samp13Line13,2015241124350,Gpp_500m,F,F,F,F,F,F,F,F,F,F,F,F,F,F,F,F,F,F,F,F,F,F,F,F,F,F,F,F,F,F,F,F,F,F,F,F,F,F,F,F,F,F,F,F,F,F,F,F,F,F,F,F,F,F,F,F,F,F,F,F,F,F,F,F,F,F,F,F,F,F,F,F,F,F,F,F,F,F,F,F,F,F,F,F,F,F,F,F,F,F,F,F,F,F,F,F,F,F,F,F,F,F,F,F,F,F,F,F,F,F,F,F,F,F,F,F,F,F,F,F,F,F,F,F,F,F,F,F,F,F,F,F,F,F,F,F,F,F,F,F,F,F,F,F,F,F,F,F,F,F,F,F,F,F,F,F,F,F,F,F,F,F,F,F,F,F,F,F,F
MOD17A2H.A2012129.h12v02.006.2015246113606.Gpp_500m,MOD17A2H,A2012129,Lat66.02328333Lon-137.2492667Samp13Line13,2015246113606,Gpp_500m,0.0014,0.0014,F,F,F,F,F,F,0.0027,F,F,F,F,F,F,F,F,F,F,F,F,F,F,F,F,F,F,F,F,F,F,F,F,F,F,F,F,F,F,F,F,F,0.0017,F,F,F,F,F,F,F,F,F,F,F,F,F,F,F,F,F,F,F,F,F,F,F,F,F,F,0.0017,F,F,F,F,F,F,F,F,F,F,F,F,F,F,F,F,F,F,F,F,F,F,F,F,F,F,F,F,F,F,F,F,F,F,F,F,F,F,F,F,F,F,F,F,F,F,F,F,F,F,F,F,F,F,F,F,F,F,F,F,F,F,F,F,F,F,F,F,F,F,F,F,F,F,F,F,F,F,F,F,F,F,F,F,F,F,F,F,F,F,F,F,F,F,F,F,F,F,F
MOD17A2H.A2012137.h12v02.006.2015246121355.Gpp_500m,MOD17A2H,A2012137,Lat66.02328333Lon-137.2492667Samp13Line13,2015246121355,Gpp_500m,0.0156,0.0139,0.0145,0.0135,0.0131,0.0127,0.0124,0.0139,0.0135,0.0124,0.0124,0.0149,0.0146,0.0145,0.0135,0.0135,0.0179,0.0166,0.0143,0.0124,0.0146,0.0124,0.0136,0.0156,0.0161,0.0131,0.0135,0.0127,0.0135,0.0146,0.0139,0.0146,0.0143,0.0143,0.0143,0.0161,0.0149,0.0131,0.0139,0.0146,0.015,0.0139,0.0143,0.0143,0.0146,0.0146,0.0139,0.0139,0.0143,0.0139,0.0146,0.0136,0.0139,0.0139,0.0149,0.0146,0.0146,0.0139,0.016,0.0149,0.0143,0.0139,0.0143,0.0139,0.0136,0.0143,0.0146,0.0149,0.0149,0.0139,0.0149,0.0148,0.0136,0.0139,0.0138,0.0129,0.0138,0.0155,0.0149,0.0136,0.0139,0.0139,0.0131,0.0131,0.0139,0.0143,0.0138,0.0138,0.0155,0.0155,0.0147,0.0128,0.0128,0.0135,0.0131,0.0148,0.0146,0.0131,0.0138,0.0128,0.0138,0.0143,0.0149,0.0136,0.0139,0.0139,0.0143,0.0146,0.0157,0.0138,0.0131,0.0149,0.0161,0.0149,0.0136,0.0136,0.0155,0.0139,0.0138,0.0157,0.0157,0.0146,0.0143,0.0161,0.0147,0.0147,0.0149,0.0155,0.0172,0.0143,0.0143,0.0138,0.0136,0.0143,0.0157,0.0161,0.0161,0.0147,0.0149,0.0172,0.0155,0.0147,0.0143,0.0136,0.0172,0.0155,0.0157,0.0149,0.0139,0.0136,0.0125,0.0128,0.0143,0.0139,0.0139,0.0136,0.0165,0.0139,0.0125,0.0125,0.0117,0.0128,0.0128,0.0131,0.0136,0.0136,0.0136,0.0131,0.0148
MOD17A2H.A2012145.h12v02.006.2015246151109.Gpp_500m,MOD17A2H,A2012145,Lat66.02328333Lon-137.2492667Samp13Line13,2015246151109,Gpp_500m,0.0192,0.0182,0.0182,0.0177,0.0177,0.0177,0.0172,0.0172,0.0172,0.0172,0.0172,0.0172,0.0197,0.0182,0.0177,0.0171,0.0205,0.0205,0.0205,0.0172,0.0288,0.0172,0.0172,0.0172,0.028,0.0198,0.0171,0.0177,0.0177,0.0172,0.0204,0.0333,0.0197,0.0197,0.0192,0.0238,0.0187,0.0172,0.0172,0.0177,0.0172,0.0172,0.0197,0.0192,0.0192,0.0177,0.0191,0.0187,0.0187,0.0187,0.0198,0.0198,0.0172,0.0172,0.0253,0.0192,0.0184,0.0191,0.0191,0.0205,0.0205,0.0198,0.0187,0.0187,0.0178,0.0204,0.0205,0.0184,0.0187,0.0184,0.0177,0.0178,0.0198,0.0187,0.0187,0.0172,0.0188,0.0188,0.0172,0.0172,0.0184,0.0177,0.0178,0.0184,0.0205,0.0204,0.0204,0.0198,0.0188,0.0188,0.0173,0.0172,0.0172,0.0172,0.0172,0.0184,0.0204,0.0204,0.0198,0.0193,0.0188,0.0193,0.0189,0.0173,0.0172,0.0172,0.0184,0.0187,0.0204,0.0204,0.0193,0.0198,0.0193,0.0189,0.0173,0.0178,0.0193,0.0172,0.0178,0.0198,0.0193,0.0198,0.0198,0.0199,0.0193,0.0189,0.0185,0.021,0.0193,0.0199,0.0188,0.0193,0.0193,0.0193,0.0199,0.0193,0.0185,0.0188,0.0199,0.0218,0.0204,0.0237,0.0238,0.0188,0.0193,0.0193,0.0178,0.0178,0.0178,0.0178,0.0173,0.0178,0.0204,0.021,0.0216,0.0205,0.0199,0.0173,0.0173,0.0173,0.0173,0.0173,0.0204,0.0204,0.021,0.021,0.0205,0.0216,0.0216
MOD17A2H.A2012153.h12v02.006.2015246152842.Gpp_500m,MOD17A2H,A2012153,Lat66.02328333Lon-137.2492667Samp13Line13,2015246152842,Gpp_500m,0.0299,0.0299,0.0332,0.0344,0.0316,0.0322,0.0213,0.0229,0.0311,0.037,0.0355,0.0296,0.0323,0.0306,0.0296,0.0299,0.0407,0.0371,0.0314,0.0229,0.0305,0.0305,0.0333,0.0323,0.0348,0.0311,0.0345,0.0316,0.0296,0.0299,0.0229,0.0349,0.0333,0.0333,0.0311,0.0288,0.0316,0.0295,0.0299,0.0322,0.0299,0.0345,0.0305,0.0338,0.0296,0.0267,0.0199,0.0295,0.0316,0.0288,0.0247,0.0241,0.0288,0.0262,0.0338,0.0323,0.0311,0.0316,0.0338,0.0349,0.0323,0.0299,0.03,0.0241,0.0241,0.0327,0.0311,0.0333,0.0345,0.0345,0.0349,0.0339,0.0323,0.0288,0.0262,0.0263,0.0219,0.0219,0.0311,0.0323,0.0299,0.0299,0.0288,0.0295,0.0278,0.0278,0.0323,0.0219,0.0219,0.0198,0.0198,0.0299,0.0299,0.0288,0.03,0.0316,0.0241,0.0323,0.0316,0.0316,0.0323,0.0301,0.0264,0.0158,0.0299,0.0262,0.0262,0.0207,0.0207,0.0301,0.0301,0.0263,0.0301,0.0301,0.0186,0.0176,0.0176,0.0262,0.0213,0.0263,0.0213,0.0176,0.0263,0.0301,0.0153,0.0169,0.0169,0.0241,0.0241,0.0169,0.0323,0.0219,0.0176,0.0235,0.0088,0.0088,0.0169,0.0265,0.0265,0.0265,0.0169,0.0169,0.0169,0.0219,0.0164,0.0083,0.0169,0.0257,0.0257,0.0257,0.0208,0.0208,0.0169,0.0169,0.0044,0.0103,0.0158,0.0169,0.0248,0.0248,0.0169,0.0169,0.0169,0.0169,0.0169,0.0169,0.0169,0.0169,0.0209
MOD17A2H.A2012161.h12v02.006.2015246154232.Gpp_500m,MOD17A2H,A2012161,Lat66.02328333Lon-137.2492667Samp13Line13,2015246154232,Gpp_500m,0.0333,0.0303,0.0423,0.0461,0.0439,0.0348,0.0291,0.0154,0.0114,0.041,0.041,0.0401,0.0388,0.0423,0.0426,0.041,0.0527,0.038,0.0351,0.0341,0.0341,0.0445,0.0401,0.0401,0.0423,0.0445,0.0433,0.041,0.0376,0.0376,0.0416,0.0423,0.0445,0.0433,0.0405,0.0427,0.0432,0.0393,0.0416,0.0423,0.04,0.0416,0.0423,0.0423,0.0423,0.0393,0.0438,0.0432,0.0393,0.0381,0.0365,0.0359,0.0401,0.0365,0.0409,0.0388,0.0452,0.0462,0.0428,0.0405,0.0416,0.0405,0.0388,0.0365,0.0346,0.0438,0.0388,0.0409,0.0409,0.0428,0.0438,0.0416,0.0405,0.0388,0.0347,0.0365,0.04,0.0405,0.0401,0.0432,0.0409,0.0371,0.0353,0.0376,0.04,0.0405,0.0365,0.0365,0.0376,0.0376,0.0358,0.0381,0.036,0.0409,0.0359,0.0408,0.0365,0.0365,0.037,0.0393,0.0376,0.0365,0.0342,0.0346,0.0409,0.0365,0.0343,0.0365,0.037,0.0389,0.0376,0.0399,0.0358,0.0358,0.0358,0.0365,0.037,0.0336,0.0336,0.0336,0.0343,0.0376,0.0376,0.0353,0.0365,0.037,0.0386,0.0386,0.037,0.0347,0.0343,0.0343,0.0376,0.0365,0.0358,0.037,0.0376,0.0449,0.0386,0.037,0.033,0.0365,0.0382,0.0336,0.0335,0.0342,0.037,0.0437,0.0353,0.0386,0.0357,0.0365,0.0353,0.0353,0.0357,0.0357,0.0342,0.0314,0.0325,0.0353,0.0314,0.0295,0.0331,0.0353,0.0341,0.0357,0.0357,0.0364,0.0387
MOD17A2H.A2012169.h12v02.006.2015247171714.Gpp_500m,MOD17A2H,A2012169,Lat66.02328333Lon-137.2492667Samp13Line13,2015247171714,Gpp_500m,0.0567,0.0561,0.0561,0.0588,0.0595,0.0553,0.0581,0.0594,0.0573,0.0629,0.0586,0.0526,0.0552,0.0561,0.0546,0.0546,0.0705,0.0714,0.0789,0.058,0.0553,0.0594,0.0532,0.0586,0.0545,0.0567,0.0561,0.0567,0.0532,0.0568,0.0608,0.0594,0.0594,0.0594,0.0559,0.0551,0.0545,0.0567,0.0538,0.0594,0.0586,0.0594,0.058,0.0552,0.0559,0.0532,0.0551,0.0537,0.0531,0.0524,0.053,0.0516,0.0567,0.0538,0.0559,0.0567,0.0545,0.0531,0.0572,0.0559,0.0524,0.0509,0.0502,0.0502,0.0538,0.0567,0.0537,0.0545,0.0559,0.0572,0.0594,0.0594,0.0545,0.0494,0.0515,0.0523,0.0529,0.0523,0.0537,0.0537,0.0524,0.0531,0.0461,0.0494,0.0538,0.0515,0.0509,0.0502,0.0523,0.0494,0.0488,0.0559,0.0559,0.0482,0.0502,0.0538,0.0538,0.0515,0.0502,0.0523,0.0529,0.0494,0.0488,0.0502,0.0502,0.0502,0.0488,0.0494,0.0488,0.0523,0.0523,0.0529,0.0536,0.0523,0.0502,0.0494,0.0475,0.0515,0.053,0.0488,0.0494,0.0509,0.0509,0.0515,0.0515,0.0502,0.0529,0.0529,0.0543,0.0543,0.0481,0.0467,0.0481,0.0502,0.0509,0.0509,0.0529,0.0536,0.0515,0.048,0.0543,0.0501,0.0494,0.0494,0.0502,0.0509,0.0509,0.0523,0.0515,0.0515,0.0487,0.0494,0.0459,0.0459,0.0459,0.0479,0.0488,0.048,0.0494,0.0487,0.0467,0.048,0.0487,0.0474,0.048,0.048,0.0479,0.05,0.0493
MOD17A2H.A2012177.h12v02.006.2015248023524.Gpp_500m,MOD17A2H,A2012177,Lat66.02328333Lon-137.2492667Samp13Line13,2015248023524,Gpp_500m,0.0268,0.0268,0.0268,0.0251,0.0223,0.0223,0.0268,0.0307,0.042,0.0421,0.037,0.0421,0.0422,0.0242,0.0223,0.0218,0.0333,0.0341,0.0576,0.0414,0.0436,0.037,0.0397,0.0398,0.0454,0.0454,F,F,0.0083,0.0359,F,0.0436,0.0464,0.0465,0.041,0.0443,0.0387,0.0432,0.0415,0.0263,0.0263,0.0381,0.0381,0.0219,0.023,0.0414,0.0443,0.0494,0.0364,0.0353,0.0388,0.0472,0.0454,0.0421,0.0436,0.0235,0.023,0.0493,0.0393,0.0387,0.0399,0.0472,0.046,0.0472,0.0479,0.047,0.0465,0.0448,0.0493,0.0448,0.0432,0.0399,0.0449,0.0337,0.0473,0.0483,0.0479,0.0423,0.0471,0.0465,0.0443,0.0432,0.0399,0.0326,0.0247,0.0444,0.0158,0.0321,0.0423,0.0412,0.0269,0.0443,0.0461,0.0437,0.0376,0.0162,0.0474,0.0423,0.0321,0.0444,0.0365,0.0254,0.0258,0.0085,0.0399,0.0376,0.0371,0.0321,0.0264,0.0415,0.0456,0.0348,0.0254,0.0265,0.0327,0.0085,0.0309,0.0257,0.0124,0.0264,0.0343,0.0332,F,F,F,F,F,0.0457,0.0401,0.0417,0.0085,0.0287,0.0377,0.0096,F,F,0.0348,0.0373,0.0378,0.03,0.04,0.04,0.0306,0.0377,0.0406,0.0383,0.039,0.0348,0.0436,0.0378,0.03,0.039,0.0374,0.0248,0.0307,0.0187,0.0316,0.039,0.0457,0.0441,0.0306,0.04,0.0396,0.0396,0.0248,0.0136,0.0169,0.0086,0.0039
MOD17A2H.A2012185.h12v02.006.2015248071944.Gpp_500m,MOD17A2H,A2012185,Lat66.02328333Lon-137.2492667Samp13Line13,2015248071944,Gpp_500m,0.0582,0.0595,0.0616,0.0583,0.0589,0.0556,0.0595,0.0563,0.0602,0.0523,0.0608,0.053,0.0543,0.0562,0.0563,0.0589,0.072,0.0738,0.0678,0.0557,0.0569,0.0588,0.0523,0.0569,0.0582,0.055,0.0563,0.0576,0.0596,0.0557,0.0564,0.0623,0.0588,0.0583,0.0557,0.0537,0.0544,0.0564,0.0537,0.0596,0.0629,0.055,0.0543,0.0565,0.0575,0.0543,0.0537,0.053,0.0545,0.061,0.0589,0.0583,0.055,0.0536,0.0575,0.0536,0.0543,0.053,0.0556,0.0618,0.0537,0.0589,0.059,0.055,0.0598,0.0575,0.0536,0.0543,0.0569,0.055,0.057,0.0597,0.0564,0.055,0.053,0.0565,0.0524,0.0537,0.0543,0.0537,0.055,0.053,0.0517,0.055,0.0536,0.0544,0.0544,0.0517,0.0524,0.0524,0.051,0.0524,0.0524,0.055,0.0512,0.055,0.053,0.0531,0.0524,0.0531,0.0544,0.051,0.0517,0.0524,0.0505,0.055,0.0478,0.0489,0.0531,0.0536,0.0524,0.0545,0.0532,0.0538,0.0545,0.0504,0.0485,0.0518,0.0518,0.0485,0.049,0.0531,0.051,0.0505,0.0524,0.0545,0.0532,0.0532,0.0484,0.0546,0.0485,0.049,0.0531,0.0532,0.0524,0.0524,0.0532,0.0538,0.0538,0.0526,0.0526,0.0533,0.0526,0.0505,0.0524,0.0504,0.0532,0.0512,0.0538,0.0538,0.0492,0.0472,0.0478,0.0471,0.0518,0.0504,0.0504,0.0485,0.0478,0.0471,0.0472,0.0472,0.0498,0.0478,0.058,0.058,0.058,0.0533,0.0533
MOD17A2H.A2012193.h12v02.006.2015248110732.Gpp_500m,MOD17A2H,A2012193,Lat66.02328333Lon-137.2492667Samp13Line13,2015248110732,Gpp_500m,0.0234,F,F,F,F,F,F,F,0.0081,F,F,0.0352,0.0352,F,F,F,F,F,F,0.0081,0.0076,0.0076,0.0326,0.0262,0.0128,F,F,F,F,0.0063,0.0063,0.0076,0.031,0.0326,0.0262,0.0054,0.0076,F,0.0113,0.0063,0.0063,0.0054,0.0253,0.0253,0.0273,0.0273,0.0043,0.0076,0.0106,0.0113,0.0069,0.0081,F,0.0193,0.0149,0.0198,0.0252,0.0156,0.0125,0.0106,0.0106,F,F,F,F,0.017,0.0212,0.0212,0.0125,0.0095,0.0081,F,F,F,F,F,F,F,0.0086,0.0043,F,F,F,F,F,F,F,F,F,F,F,F,F,F,F,F,F,F,F,F,F,F,F,F,F,F,F,F,F,F,F,F,F,0.0081,F,F,F,0.0043,0.0043,F,0.0069,F,0.0069,0.0069,0.0081,F,F,0.0208,F,F,0.0087,0.0069,0.0069,0.0069,0.0087,F,F,F,F,0.0213,0.0043,0.0069,F,0.0069,F,F,F,F,F,F,0.0043,0.0043,0.0069,0.0043,F,F,F,0.0127,F,F,F,F,0.0087,0.0087,0.0087,F,F,F,0.0482
MOD17A2H.A2012201.h12v02.006.2015248143309.Gpp_500m,MOD17A2H,A2012201,Lat66.02328333Lon-137.2492667Samp13Line13,2015248143309,Gpp_500m,0.0426,0.0417,0.0417,0.0401,0.0432,0.0417,0.0412,0.0416,0.0453,0.0453,0.0469,0.0381,F,0.0406,0.0401,0.0401,0.0531,0.0517,0.0544,0.0432,0.0443,0.0432,0.0381,0.0402,0.0397,0.0356,0.0412,0.0308,0.0397,0.0346,0.015,F,0.0432,0.0432,0.0407,0.0397,0.045,0.0427,0.0427,0.0308,0.0288,0.0304,0.0402,0.0432,0.0432,0.037,F,0.045,0.045,0.0444,0.0413,0.0413,0.0411,0.0402,0.0437,0.0411,0.0411,F,0.0397,0.0463,0.0444,0.0413,0.0362,0.0202,0.0279,0.0432,0.0417,0.0412,0.0433,0.0433,0.0433,0.0444,0.0416,0.0355,0.0383,0.0279,0.0434,0.034,0.0423,0.0417,0.0412,0.0397,0.0413,0.0385,0.0393,0.0171,0.0319,0.0319,0.0202,0.0202,0.0196,0.0412,0.0397,0.0392,0.0383,0.033,0.0184,0.0171,0.0361,0.0423,0.0202,0.0202,0.0439,0.0464,0.0397,0.0402,0.033,0.033,0.031,0.0377,0.0423,0.0428,0.0418,0.0423,0.0465,0.0391,0.0378,0.0393,0.0407,0.0392,0.0377,0.0392,0.0423,0.0402,0.0418,0.0408,0.0408,0.0402,0.0382,0.0408,0.0392,0.0392,0.0414,0.0414,0.0402,0.0408,0.0402,0.0418,0.0397,0.0403,0.0392,0.0392,0.0382,0.0392,0.0402,0.0408,0.0402,0.0402,0.0378,0.0397,0.0379,0.0372,0.0361,0.0382,0.0389,0.0404,0.0397,0.0367,0.0372,0.0391,0.0378,0.0379,0.0392,0.0361,0.0362,0.0382,0.0398,0.0393,0.0398
MOD17A2H.A2012209.h12v02.006.2015248185147.Gpp_500m,MOD17A2H,A2012209,Lat66.02328333Lon-137.2492667Samp13Line13,2015248185147,Gpp_500m,0.0446,0.0442,0.0436,0.0442,0.0463,0.0446,0.0475,0.0475,0.0479,0.0462,0.0414,0.0426,0.0442,0.042,0.0436,0.0426,0.055,0.0557,0.0567,0.0426,0.0426,0.042,0.042,0.0453,0.0446,0.0442,0.0426,0.0426,0.0436,0.0442,0.0479,0.0431,0.0462,0.0459,0.0431,0.0426,0.0437,0.0437,0.0426,0.0469,0.0469,0.0478,0.0445,0.0437,0.0459,0.0442,0.0419,0.0419,0.0419,0.0415,0.0415,0.0426,0.0394,0.0445,0.0437,0.0442,0.0431,0.0442,0.0442,0.0446,0.0442,0.0415,0.0415,0.0432,0.0425,0.0431,0.0431,0.0426,0.0442,0.0442,0.0446,0.0453,0.041,0.041,0.0432,0.0425,0.0425,0.0421,0.041,0.0442,0.0415,0.0415,0.0394,0.0394,0.041,0.0425,0.0421,0.0425,0.0425,0.0415,0.0421,0.0419,0.0394,0.0415,0.0394,0.0442,0.0421,0.0421,0.0432,0.0425,0.0432,0.0425,0.0421,0.0415,0.0415,0.0415,0.041,0.0394,0.0409,0.0432,0.0432,0.0437,0.0436,0.0432,0.0406,0.0394,0.0383,0.0415,0.0409,0.0409,0.0421,0.0421,0.0425,0.0405,0.0432,0.0399,0.0398,0.0398,0.0398,0.0409,0.0409,0.0405,0.0399,0.0399,0.0405,0.0406,0.0406,0.0398,0.0398,0.0415,0.0415,0.0421,0.0421,0.0393,0.0399,0.0406,0.0406,0.0406,0.0394,0.0394,0.0394,0.0406,0.0409,0.0409,0.0409,0.0421,0.0388,0.0365,0.0365,0.0365,0.0394,0.0394,0.0406,0.0405,0.0398,0.0409,0.0421,0.0398,0.0384
MOD17A2H.A2012217.h12v02.006.2015249021008.Gpp_500m,MOD17A2H,A2012217,Lat66.02328333Lon-137.2492667Samp13Line13,2015249021008,Gpp_500m,0.0445,0.045,0.0456,0.0429,0.0429,0.0462,0.0478,0.0498,0.049,0.0483,0.0483,0.0406,0.044,0.0439,0.0423,0.0429,0.0569,0.0534,0.0542,0.0433,0.0473,0.0451,0.044,0.0456,0.0456,0.0441,0.0423,0.0446,0.0439,0.045,0.0478,0.0511,0.0479,0.0466,0.044,0.0429,0.0429,0.0429,0.0429,0.0445,0.0478,0.0478,0.0456,0.0451,0.044,0.0423,0.0429,0.0429,0.0422,0.0405,0.0405,0.0406,0.0406,0.0428,0.044,0.0433,0.0433,0.0472,0.0433,0.0451,0.0455,0.0429,0.0406,0.0435,0.0435,0.044,0.0423,0.0428,0.0441,0.0433,0.0433,0.0455,0.0417,0.0406,0.0411,0.0423,0.0429,0.0434,0.0416,0.0413,0.0416,0.0417,0.0396,0.0379,0.0417,0.0435,0.0435,0.0423,0.0422,0.0411,0.0411,0.0455,0.0405,0.0379,0.0405,0.0417,0.0439,0.0429,0.0429,0.0429,0.0429,0.0429,0.0411,0.0422,0.0401,0.0429,0.0411,0.0396,0.0406,0.0411,0.0422,0.0407,0.0429,0.0418,0.0422,0.0411,0.0385,0.0396,0.0396,0.0389,0.0397,0.0418,0.0396,0.0411,0.0422,0.043,0.0385,0.0389,0.0385,0.0406,0.0406,0.0396,0.0379,0.0379,0.0379,0.0422,0.043,0.0407,0.0396,0.0396,0.0406,0.0423,0.0406,0.0406,0.0418,0.0418,0.0422,0.043,0.0429,0.0402,0.0396,0.041,0.0423,0.0406,0.0406,0.0446,0.0418,0.0396,0.0389,0.0389,0.0385,0.0396,0.041,0.0423,0.0395,0.0489,0.0412,0.0445,0.0451
MOD17A2H.A2012225.h12v02.006.2015249065820.Gpp_500m,MOD17A2H,A2012225,Lat66.02328333Lon-137.2492667Samp13Line13,2015249065820,Gpp_500m,0.0327,0.0327,0.0344,0.0327,0.0326,0.0306,0.0314,0.0298,0.0138,0.0137,0.0105,0.0289,0.028,0.0318,0.0306,0.0301,0.0372,0.0389,0.0367,0.0298,0.033,0.031,0.0105,0.028,0.0331,0.0331,0.0252,0.0301,0.0314,0.0326,0.0324,0.0324,0.031,0.0105,0.0101,0.0294,0.015,0.008,0.0268,0.0356,0.0356,0.0305,0.0324,0.0256,0.0325,0.0305,0.0305,0.015,0.008,0.0079,0.0301,0.03,0.0305,0.0317,0.0325,0.0325,0.0305,0.0305,0.028,0.028,0.0323,0.0295,0.03,0.0314,0.0305,0.0324,0.0301,0.0305,0.0334,0.0323,0.0323,0.0306,0.0323,0.0295,0.0305,0.0314,0.0308,0.0356,0.0288,0.0288,0.0259,0.0268,0.0306,0.0275,0.0317,0.0317,0.0314,0.0308,0.0304,0.0304,0.0295,0.0259,0.0268,0.0271,0.0271,0.0287,0.0234,0.0314,0.0305,0.0304,0.0308,0.0308,0.0316,0.033,0.0295,0.0294,0.0264,0.0234,0.0259,0.0259,0.0198,0.0313,0.0308,0.0316,0.033,0.0325,0.0307,0.023,0.023,0.0189,0.0172,0.0295,0.0293,0.0285,0.0303,0.033,0.0319,0.0294,0.0286,0.0303,0.03,0.0172,0.0295,0.0295,0.03,0.03,0.0319,0.0316,0.0301,0.0286,0.0286,0.0276,0.0284,0.0293,0.0247,0.0184,0.03,0.03,0.0286,0.0286,0.0269,0.0269,0.0276,0.0277,0.0285,0.0294,0.0246,0.0197,0.0263,0.022,0.0263,0.0269,0.0269,0.0263,0.0262,0.0267,0.0286,0.0294,0.0286
MOD17A2H.A2012233.h12v02.006.2015249104252.Gpp_500m,MOD17A2H,A2012233,Lat66.02328333Lon-137.2492667Samp13Line13,2015249104252,Gpp_500m,0.0299,0.0299,0.0277,0.0271,0.0216,0.0183,0.0183,0.0178,0.0185,0.0185,0.0191,0.0143,0.017,0.0277,0.0271,0.0271,0.0333,0.0333,0.0333,0.0178,0.0155,0.0183,0.0236,0.0236,0.0267,0.0257,0.0234,0.024,0.0166,0.027,0.0191,0.0191,0.0185,0.0174,0.0257,0.0267,0.0257,0.0257,0.0249,0.0175,0.0184,0.0151,0.0151,0.0185,0.0155,0.0257,0.0257,0.0271,0.0225,0.0224,0.0201,0.0152,0.0147,0.0151,0.0183,0.0183,0.024,0.0265,0.0265,0.0295,0.0224,0.0201,0.0197,0.0197,0.0292,0.0157,0.0244,0.0244,0.0299,0.0228,0.0295,0.0283,0.0283,0.0267,0.0272,0.0267,0.0307,0.0272,0.027,0.0299,0.0228,0.0228,0.0224,0.0257,0.0272,0.0272,0.0267,0.0267,0.0267,0.0265,0.0265,0.0276,0.0249,0.0249,0.0272,0.0272,0.0272,0.0267,0.0267,0.0267,0.0267,0.0265,0.0257,0.0265,0.0249,0.0272,0.0252,0.0249,0.0249,0.0257,0.0267,0.0267,0.0265,0.0265,0.0267,0.0257,0.0257,0.0245,0.0257,0.0245,0.0257,0.0257,0.0257,0.0257,0.0257,0.0249,0.0257,0.026,0.026,0.026,0.0245,0.0257,0.0249,0.0248,0.0257,0.0257,0.0249,0.0249,0.0257,0.0249,0.0249,0.0253,0.0253,0.0249,0.0257,0.0248,0.0253,0.0241,0.0241,0.0229,0.0229,0.0249,0.0241,0.0237,0.0237,0.0253,0.0248,0.0224,0.0222,0.0222,0.0229,0.0229,0.0241,0.0236,0.0237,0.024,0.0253,0.0249,0.026
MOD17A2H.A2012241.h12v02.006.2015249145942.Gpp_500m,MOD17A2H,A2012241,Lat66.02328333Lon-137.2492667Samp13Line13,2015249145942,Gpp_500m,0.0121,0.0121,0.0121,0.0123,0.0124,0.0124,0.0138,0.0138,0.0138,0.0138,0.0122,0.0121,0.0121,0.0118,0.0118,0.012,0.0139,0.0141,0.0141,0.0117,0.0117,0.0122,0.0122,0.0127,0.0127,0.0118,0.0117,0.0117,0.012,0.0121,0.0121,0.0121,0.0122,0.0122,0.0122,0.0118,0.0118,0.0118,0.0118,0.012,0.0121,0.0121,0.0121,0.0121,0.0121,0.0121,0.0118,0.0118,0.0118,0.0118,0.0117,0.0118,0.0121,0.0122,0.0121,0.0121,0.0121,0.0118,0.0118,0.0118,0.0117,0.0117,0.0118,0.0118,0.0117,0.0122,0.0122,0.0122,0.0121,0.0121,0.0121,0.0117,0.0117,0.0118,0.0118,0.0136,0.014,0.0139,0.0113,0.0113,0.0121,0.0121,0.0117,0.0118,0.0118,0.0118,0.014,0.014,0.0139,0.0136,0.013,0.0113,0.0113,0.0113,0.0118,0.0118,0.014,0.014,0.014,0.0139,0.0136,0.0137,0.0129,0.0121,0.0113,0.0113,0.0113,0.0124,0.014,0.0136,0.0136,0.013,0.0139,0.0129,0.0121,0.0112,0.0112,0.0131,0.0124,0.0134,0.0114,0.0112,0.0112,0.0139,0.0137,0.0136,0.0115,0.0115,0.0115,0.0116,0.0135,0.0135,0.0121,0.0112,0.0124,0.0118,0.0115,0.0115,0.0115,0.0115,0.0116,0.0116,0.0116,0.0121,0.0117,0.0115,0.0115,0.0105,0.0113,0.0112,0.0109,0.011,0.0106,0.0112,0.0111,0.0116,0.0112,0.0113,0.0105,0.0106,0.0106,0.0106,0.011,0.0106,0.0105,0.0105,0.0113,0.0112,0.0118
MOD17A2H.A2012249.h12v02.006.2015249225126.Gpp_500m,MOD17A2H,A2012249,Lat66.02328333Lon-137.2492667Samp13Line13,2015249225126,Gpp_500m,0.0063,0.0063,0.0058,0.0058,0.0057,0.0057,0.0057,0.0056,0.0056,0.0057,0.0057,0.0064,0.0064,0.0058,0.0058,0.0056,0.0076,0.0077,0.0058,0.0058,0.0057,0.0057,0.0057,0.0064,0.0064,0.0064,0.0058,0.0058,0.0058,0.0051,0.0058,0.0068,0.0058,0.0061,0.0064,0.0064,0.0062,0.0062,0.0062,0.0058,0.0058,0.0064,0.0064,0.0062,0.0062,0.0064,0.0062,0.0062,0.0062,0.0062,0.0024,0.0054,0.0056,0.0054,0.0061,0.0062,0.0061,0.0062,0.0062,0.0062,0.0062,0.0029,0.0056,0.0056,0.0056,0.0047,0.0039,0.0048,0.0048,0.0047,0.0062,0.0039,0.0064,0.0064,0.0058,0.0054,0.0057,0.0064,0.0015,0.0039,0.0039,0.0013,0.0039,0.0039,0.0056,0.0058,0.0059,0.0054,0.0059,0.0062,0.0062,0.0061,0.0039,0.0039,0.0057,0.0056,0.0062,0.0062,0.0062,0.0062,0.0062,0.0062,0.0047,0.0047,0.0048,0.0057,0.0039,0.0056,0.0056,0.0062,0.0062,0.0062,0.0066,0.0066,0.0047,0.0047,0.0047,0.0039,0.0056,0.0056,0.0056,0.0064,0.0064,0.0064,0.0062,0.0062,0.0062,0.0062,0.0062,0.0039,0.0039,0.0043,0.0034,0.0052,0.0064,0.0062,0.0062,0.0062,0.0062,0.0026,0.0026,0.0039,0.0015,0.0043,0.0057,0.0062,0.0062,0.0047,0.0062,0.0062,0.0039,0.0026,F,F,F,0.0015,0.0062,0.0039,0.0047,0.0047,0.0039,0.0039,0.0026,F,0.0015,0.0026,F,0.0039,F
MOD17A2H.A2012257.h12v02.006.2015250032533.Gpp_500m,MOD17A2H,A2012257,Lat66.02328333Lon-137.2492667Samp13Line13,2015250032533,Gpp_500m,0.0068,0.0068,0.0068,0.0071,0.0048,0.0063,0.005,0.0031,0.0078,0.0074,0.0057,0.0065,0.0064,0.0057,0.004,0.0048,0.0058,0.0016,0.0044,0.004,0.0063,0.0076,0.0048,0.0074,0.0076,0.0065,0.004,0.004,0.0048,0.0016,0.0053,0.0053,0.0076,0.0076,0.0074,0.0067,0.0067,0.0064,0.0049,0.0048,0.0065,0.0048,0.0053,0.0053,0.0064,0.0064,0.0064,0.0058,0.0069,0.0064,0.0073,0.0067,0.0063,0.0016,0.0048,0.0058,0.0064,0.0072,0.0076,0.0069,0.0069,0.0067,0.0067,0.0067,0.0064,0.0072,0.0058,0.0067,0.0076,0.0076,0.0078,0.0067,0.0053,0.0064,0.0064,0.0064,0.0065,0.0074,0.0068,0.0053,0.0067,0.0056,0.0049,0.0053,0.0074,0.0078,0.0064,0.0064,0.0067,0.0067,0.0069,0.0056,0.0064,0.0057,0.0067,0.0069,0.0078,0.0075,0.0076,0.0067,0.0074,0.0074,0.0064,0.0057,0.0064,0.0067,0.0064,0.0073,0.0073,0.0065,0.0067,0.0074,0.0074,0.0064,0.0064,0.0064,0.0064,0.0064,0.0056,0.0064,0.0065,0.0065,0.0067,0.0074,0.0076,0.0074,0.0075,0.0067,0.0076,0.0067,0.0064,0.0064,0.0064,0.005,0.0074,0.0075,0.0067,0.0075,0.0076,0.0066,0.0067,0.0067,0.0066,0.0057,0.0065,0.0065,0.0065,0.0067,0.0066,0.0057,0.0066,0.0057,0.0053,0.0053,0.005,0.005,0.0065,0.0053,0.0053,0.005,0.0053,0.0057,0.0051,0.0064,0.0053,0.0065,0.0065,0.005,0.0066
MOD17A2H.A2012265.h12v02.006.2015250063134.Gpp_500m,MOD17A2H,A2012265,Lat66.02328333Lon-137.2492667Samp13Line13,2015250063134,Gpp_500m,0.0072,0.0077,0.0072,0.0078,0.0077,0.0065,0.0068,0.0068,0.0087,0.0077,0.0073,0.007,0.0073,0.0077,0.0068,0.006,0.0079,0.0079,0.0079,0.0047,0.0055,0.0082,0.0083,0.0077,0.0083,0.0077,0.007,0.008,0.007,0.0078,0.008,0.008,0.0082,0.0086,0.0082,0.008,0.0077,0.007,0.0069,0.008,0.0083,0.0073,0.008,0.0082,0.0086,0.0073,0.0065,0.0077,0.007,0.007,0.0073,0.0073,0.0073,0.0078,0.0086,0.0077,0.0077,0.0065,0.0077,0.0082,0.0083,0.0077,0.0077,0.008,0.0072,0.0083,0.0083,0.0078,0.0087,0.0083,0.0083,0.0083,0.0077,0.007,0.007,0.007,0.0077,0.0083,0.0083,0.007,0.0077,0.0073,0.007,0.0073,0.008,0.0087,0.0086,0.0077,0.0077,0.0077,0.0077,0.0077,0.006,0.006,0.0073,0.0073,0.0087,0.0092,0.0083,0.0077,0.0078,0.008,0.008,0.0068,0.0073,0.0073,0.0073,0.0077,0.0086,0.0086,0.0077,0.0078,0.0083,0.0083,0.0077,0.0072,0.0074,0.007,0.007,0.0072,0.0072,0.0077,0.0077,0.0083,0.0077,0.0077,0.0077,0.0081,0.009,0.0084,0.0072,0.0072,0.0069,0.0077,0.008,0.0082,0.0086,0.0086,0.0086,0.0088,0.0084,0.0082,0.0082,0.0072,0.0072,0.008,0.0086,0.0072,0.0077,0.0077,0.0078,0.0074,0.0068,0.0068,0.0068,0.0066,0.0072,0.0065,0.006,0.006,0.0068,0.0065,0.0074,0.0074,0.0074,0.0065,0.0065,0.0061,0.0077
MOD17A2H.A2012273.h12v02.006.2015250084259.Gpp_500m,MOD17A2H,A2012273,Lat66.02328333Lon-137.2492667Samp13Line13,2015250084259,Gpp_500m,0.0005,0.0014,0.0014,0.0014,0.0003,0.001,0.001,0.0009,0.0014,0.0009,0.0011,0.0009,0.001,0.0009,0.0009,0.0003,0.001,0.0012,0.001,0.0007,0.0014,0.0011,0.001,0.001,0.0009,0.001,0.001,0.001,0.0009,0.0014,0.0015,0.0014,0.001,0.001,0.001,0.001,0.001,0.001,0.0009,0.0014,0.0011,0.0015,0.001,0.0011,0.0011,0.001,0.001,0.001,0.001,0.0009,0.001,0.001,0.0011,0.0011,0.0011,0.0009,0.0009,0.001,0.001,0.001,0.001,0.001,0.0005,0.0005,0.0005,0.001,0.001,0.0011,0.001,0.001,0.001,0.0009,0.0005,0.0006,0.0005,0.0005,0.0005,0.0005,0.0009,0.0009,0.0009,0.0006,0.0005,0.0005,0.0005,0.0005,0.0005,0.0005,0.0013,0.0008,0.0005,0.001,0.001,0.0005,0.0005,0.0005,0.0005,0.0005,0.0021,0.0013,0.0015,0.0005,0.0005,0.0006,0.0005,0.0006,0.0006,0.0005,0.0005,0.0021,0.0016,0.0005,0.0005,0.0005,0.0006,0.0006,0.0006,0.0006,0.0005,0.0017,0.0005,0.0017,0.0005,0.0005,0.0005,0.0006,0.0006,0.0006,0.0006,0.0006,0.0017,0.0005,0.0005,0.0005,0.0005,0.0006,0.0006,0.0006,0.0006,0.0006,0.0006,0.0005,0.0005,0.0005,0.0005,0.0006,0.0006,0.0006,0.0006,0.0006,0.0006,0.0005,0.0005,0.0005,0.0005,0.0005,0.0006,0.0006,0.0006,0.0006,0.0006,0.0005,0.0005,0.0005,0.0005,0.0005,0.0005,0.0005,0.0009
MOD17A2H.A2012281.h12v02.006.2015250163157.Gpp_500m,MOD17A2H,A2012281,Lat66.02328333Lon-137.2492667Samp13Line13,2015250163157,Gpp_500m,F,F,F,F,F,F,F,F,F,F,F,F,F,F,F,F,F,F,F,F,F,F,F,F,F,F,F,F,F,F,F,F,F,F,F,F,F,F,F,F,F,F,F,F,F,F,F,F,F,F,F,F,F,F,F,F,F,F,F,F,F,F,F,F,F,F,F,F,F,F,F,F,F,F,F,F,F,F,F,F,F,F,F,F,F,F,F,F,F,F,F,F,F,F,F,F,F,F,F,F,F,F,F,F,F,F,F,F,F,F,F,F,F,F,F,F,F,F,F,F,F,F,F,F,F,F,F,F,F,F,F,F,F,F,F,F,F,F,F,F,F,F,F,F,F,F,F,F,F,F,F,F,F,F,F,F,F,F,F,F,F,F,F,F,F,F,F,F,F
MOD17A2H.A2012289.h12v02.006.2015251092246.Gpp_500m,MOD17A2H,A2012289,Lat66.02328333Lon-137.2492667Samp13Line13,2015251092246,Gpp_500m,F,F,F,F,F,F,F,F,F,F,F,F,F,F,F,F,F,F,F,F,F,F,F,F,F,F,F,F,F,F,F,F,F,F,F,F,F,F,F,F,F,F,F,F,F,F,F,F,F,F,F,F,F,F,F,F,F,F,F,F,F,F,F,F,F,F,F,F,F,F,F,F,F,F,F,F,F,F,F,F,F,F,F,F,F,F,F,F,F,F,F,F,F,F,F,F,F,F,F,F,F,F,F,F,F,F,F,F,F,F,F,F,F,F,F,F,F,F,F,F,F,F,F,F,F,F,F,F,F,F,F,F,F,F,F,F,F,F,F,F,F,F,F,F,F,F,F,F,F,F,F,F,F,F,F,F,F,F,F,F,F,F,F,F,F,F,F,F,F
MOD17A2H.A2012297.h12v02.006.2015251135441.Gpp_500m,MOD17A2H,A2012297,Lat66.02328333Lon-137.2492667Samp13Line13,2015251135441,Gpp_500m,F,F,F,F,F,F,F,F,F,F,F,F,F,F,F,F,F,F,F,F,F,F,F,F,F,F,F,F,F,F,F,F,F,F,F,F,F,F,F,F,F,F,F,F,F,F,F,F,F,F,F,F,F,F,F,F,F,F,F,F,F,F,F,F,F,F,F,F,F,F,F,F,F,F,F,F,F,F,F,F,F,F,F,F,F,F,F,F,F,F,F,F,F,F,F,F,F,F,F,F,F,F,F,F,F,F,F,F,F,F,F,F,F,F,F,F,F,F,F,F,F,F,F,F,F,F,F,F,F,F,F,F,F,F,F,F,F,F,F,F,F,F,F,F,F,F,F,F,F,F,F,F,F,F,F,F,F,F,F,F,F,F,F,F,F,F,F,F,F
MOD17A2H.A2012305.h12v02.006.2015252155737.Gpp_500m,MOD17A2H,A2012305,Lat66.02328333Lon-137.2492667Samp13Line13,2015252155737,Gpp_500m,F,F,F,F,F,F,F,F,F,F,F,F,F,F,F,F,F,F,F,F,F,F,F,F,F,F,F,F,F,F,F,F,F,F,F,F,F,F,F,F,F,F,F,F,F,F,F,F,F,F,F,F,F,F,F,F,F,F,F,F,F,F,F,F,F,F,F,F,F,F,F,F,F,F,F,F,F,F,F,F,F,F,F,F,F,F,F,F,F,F,F,F,F,F,F,F,F,F,F,F,F,F,F,F,F,F,F,F,F,F,F,F,F,F,F,F,F,F,F,F,F,F,F,F,F,F,F,F,F,F,F,F,F,F,F,F,F,F,F,F,F,F,F,F,F,F,F,F,F,F,F,F,F,F,F,F,F,F,F,F,F,F,F,F,F,F,F,F,F
MOD17A2H.A2012313.h12v02.006.2015252170758.Gpp_500m,MOD17A2H,A2012313,Lat66.02328333Lon-137.2492667Samp13Line13,2015252170758,Gpp_500m,F,F,F,F,F,F,F,F,F,F,F,F,F,F,F,F,F,F,F,F,F,F,F,F,F,F,F,F,F,F,F,F,F,F,F,F,F,F,F,F,F,F,F,F,F,F,F,F,F,F,F,F,F,F,F,F,F,F,F,F,F,F,F,F,F,F,F,F,F,F,F,F,F,F,F,F,F,F,F,F,F,F,F,F,F,F,F,F,F,F,F,F,F,F,F,F,F,F,F,F,F,F,F,F,F,F,F,F,F,F,F,F,F,F,F,F,F,F,F,F,F,F,F,F,F,F,F,F,F,F,F,F,F,F,F,F,F,F,F,F,F,F,F,F,F,F,F,F,F,F,F,F,F,F,F,F,F,F,F,F,F,F,F,F,F,F,F,F,F
MOD17A2H.A2012321.h12v02.006.2015252181704.Gpp_500m,MOD17A2H,A2012321,Lat66.02328333Lon-137.2492667Samp13Line13,2015252181704,Gpp_500m,F,F,F,F,F,F,F,F,F,F,F,F,F,F,F,F,F,F,F,F,F,F,F,F,F,F,F,F,F,F,F,F,F,F,F,F,F,F,F,F,F,F,F,F,F,F,F,F,F,F,F,F,F,F,F,F,F,F,F,F,F,F,F,F,F,F,F,F,F,F,F,F,F,F,F,F,F,F,F,F,F,F,F,F,F,F,F,F,F,F,F,F,F,F,F,F,F,F,F,F,F,F,F,F,F,F,F,F,F,F,F,F,F,F,F,F,F,F,F,F,F,F,F,F,F,F,F,F,F,F,F,F,F,F,F,F,F,F,F,F,F,F,F,F,F,F,F,F,F,F,F,F,F,F,F,F,F,F,F,F,F,F,F,F,F,F,F,F,F
MOD17A2H.A2012329.h12v02.006.2015253010130.Gpp_500m,MOD17A2H,A2012329,Lat66.02328333Lon-137.2492667Samp13Line13,2015253010130,Gpp_500m,F,F,F,F,F,F,F,F,F,F,F,F,F,F,F,F,F,F,F,F,F,F,F,F,F,F,F,F,F,F,F,F,F,F,F,F,F,F,F,F,F,F,F,F,F,F,F,F,F,F,F,F,F,F,F,F,F,F,F,F,F,F,F,F,F,F,F,F,F,F,F,F,F,F,F,F,F,F,F,F,F,F,F,F,F,F,F,F,F,F,F,F,F,F,F,F,F,F,F,F,F,F,F,F,F,F,F,F,F,F,F,F,F,F,F,F,F,F,F,F,F,F,F,F,F,F,F,F,F,F,F,F,F,F,F,F,F,F,F,F,F,F,F,F,F,F,F,F,F,F,F,F,F,F,F,F,F,F,F,F,F,F,F,F,F,F,F,F,F
MOD17A2H.A2012337.h12v02.006.2015253041310.Gpp_500m,MOD17A2H,A2012337,Lat66.02328333Lon-137.2492667Samp13Line13,2015253041310,Gpp_500m,F,F,F,F,F,F,F,F,F,F,F,F,F,F,F,F,F,F,F,F,F,F,F,F,F,F,F,F,F,F,F,F,F,F,F,F,F,F,F,F,F,F,F,F,F,F,F,F,F,F,F,F,F,F,F,F,F,F,F,F,F,F,F,F,F,F,F,F,F,F,F,F,F,F,F,F,F,F,F,F,F,F,F,F,F,F,F,F,F,F,F,F,F,F,F,F,F,F,F,F,F,F,F,F,F,F,F,F,F,F,F,F,F,F,F,F,F,F,F,F,F,F,F,F,F,F,F,F,F,F,F,F,F,F,F,F,F,F,F,F,F,F,F,F,F,F,F,F,F,F,F,F,F,F,F,F,F,F,F,F,F,F,F,F,F,F,F,F,F
MOD17A2H.A2012345.h12v02.006.2015253044558.Gpp_500m,MOD17A2H,A2012345,Lat66.02328333Lon-137.2492667Samp13Line13,2015253044558,Gpp_500m,F,F,F,F,F,F,F,F,F,F,F,F,F,F,F,F,F,F,F,F,F,F,F,F,F,F,F,F,F,F,F,F,F,F,F,F,F,F,F,F,F,F,F,F,F,F,F,F,F,F,F,F,F,F,F,F,F,F,F,F,F,F,F,F,F,F,F,F,F,F,F,F,F,F,F,F,F,F,F,F,F,F,F,F,F,F,F,F,F,F,F,F,F,F,F,F,F,F,F,F,F,F,F,F,F,F,F,F,F,F,F,F,F,F,F,F,F,F,F,F,F,F,F,F,F,F,F,F,F,F,F,F,F,F,F,F,F,F,F,F,F,F,F,F,F,F,F,F,F,F,F,F,F,F,F,F,F,F,F,F,F,F,F,F,F,F,F,F,F
MOD17A2H.A2012353.h12v02.006.2015253051219.Gpp_500m,MOD17A2H,A2012353,Lat66.02328333Lon-137.2492667Samp13Line13,2015253051219,Gpp_500m,F,F,F,F,F,F,F,F,F,F,F,F,F,F,F,F,F,F,F,F,F,F,F,F,F,F,F,F,F,F,F,F,F,F,F,F,F,F,F,F,F,F,F,F,F,F,F,F,F,F,F,F,F,F,F,F,F,F,F,F,F,F,F,F,F,F,F,F,F,F,F,F,F,F,F,F,F,F,F,F,F,F,F,F,F,F,F,F,F,F,F,F,F,F,F,F,F,F,F,F,F,F,F,F,F,F,F,F,F,F,F,F,F,F,F,F,F,F,F,F,F,F,F,F,F,F,F,F,F,F,F,F,F,F,F,F,F,F,F,F,F,F,F,F,F,F,F,F,F,F,F,F,F,F,F,F,F,F,F,F,F,F,F,F,F,F,F,F,F
MOD17A2H.A2012361.h12v02.006.2015254062941.Gpp_500m,MOD17A2H,A2012361,Lat66.02328333Lon-137.2492667Samp13Line13,2015254062941,Gpp_500m,F,F,F,F,F,F,F,F,F,F,F,F,F,F,F,F,F,F,F,F,F,F,F,F,F,F,F,F,F,F,F,F,F,F,F,F,F,F,F,F,F,F,F,F,F,F,F,F,F,F,F,F,F,F,F,F,F,F,F,F,F,F,F,F,F,F,F,F,F,F,F,F,F,F,F,F,F,F,F,F,F,F,F,F,F,F,F,F,F,F,F,F,F,F,F,F,F,F,F,F,F,F,F,F,F,F,F,F,F,F,F,F,F,F,F,F,F,F,F,F,F,F,F,F,F,F,F,F,F,F,F,F,F,F,F,F,F,F,F,F,F,F,F,F,F,F,F,F,F,F,F,F,F,F,F,F,F,F,F,F,F,F,F,F,F,F,F,F,F
MOD17A2H.A2013001.h12v02.006.2015254212338.Gpp_500m,MOD17A2H,A2013001,Lat66.02328333Lon-137.2492667Samp13Line13,2015254212338,Gpp_500m,F,F,F,F,F,F,F,F,F,F,F,F,F,F,F,F,F,F,F,F,F,F,F,F,F,F,F,F,F,F,F,F,F,F,F,F,F,F,F,F,F,F,F,F,F,F,F,F,F,F,F,F,F,F,F,F,F,F,F,F,F,F,F,F,F,F,F,F,F,F,F,F,F,F,F,F,F,F,F,F,F,F,F,F,F,F,F,F,F,F,F,F,F,F,F,F,F,F,F,F,F,F,F,F,F,F,F,F,F,F,F,F,F,F,F,F,F,F,F,F,F,F,F,F,F,F,F,F,F,F,F,F,F,F,F,F,F,F,F,F,F,F,F,F,F,F,F,F,F,F,F,F,F,F,F,F,F,F,F,F,F,F,F,F,F,F,F,F,F
MOD17A2H.A2013009.h12v02.006.2015254223156.Gpp_500m,MOD17A2H,A2013009,Lat66.02328333Lon-137.2492667Samp13Line13,2015254223156,Gpp_500m,F,F,F,F,F,F,F,F,F,F,F,F,F,F,F,F,F,F,F,F,F,F,F,F,F,F,F,F,F,F,F,F,F,F,F,F,F,F,F,F,F,F,F,F,F,F,F,F,F,F,F,F,F,F,F,F,F,F,F,F,F,F,F,F,F,F,F,F,F,F,F,F,F,F,F,F,F,F,F,F,F,F,F,F,F,F,F,F,F,F,F,F,F,F,F,F,F,F,F,F,F,F,F,F,F,F,F,F,F,F,F,F,F,F,F,F,F,F,F,F,F,F,F,F,F,F,F,F,F,F,F,F,F,F,F,F,F,F,F,F,F,F,F,F,F,F,F,F,F,F,F,F,F,F,F,F,F,F,F,F,F,F,F,F,F,F,F,F,F
MOD17A2H.A2013017.h12v02.006.2015254225750.Gpp_500m,MOD17A2H,A2013017,Lat66.02328333Lon-137.2492667Samp13Line13,2015254225750,Gpp_500m,F,F,F,F,F,F,F,F,F,F,F,F,F,F,F,F,F,F,F,F,F,F,F,F,F,F,F,F,F,F,F,F,F,F,F,F,F,F,F,F,F,F,F,F,F,F,F,F,F,F,F,F,F,F,F,F,F,F,F,F,F,F,F,F,F,F,F,F,F,F,F,F,F,F,F,F,F,F,F,F,F,F,F,F,F,F,F,F,F,F,F,F,F,F,F,F,F,F,F,F,F,F,F,F,F,F,F,F,F,F,F,F,F,F,F,F,F,F,F,F,F,F,F,F,F,F,F,F,F,F,F,F,F,F,F,F,F,F,F,F,F,F,F,F,F,F,F,F,F,F,F,F,F,F,F,F,F,F,F,F,F,F,F,F,F,F,F,F,F
MOD17A2H.A2013025.h12v02.006.2015254232618.Gpp_500m,MOD17A2H,A2013025,Lat66.02328333Lon-137.2492667Samp13Line13,2015254232618,Gpp_500m,F,F,F,F,F,F,F,F,F,F,F,F,F,F,F,F,F,F,F,F,F,F,F,F,F,F,F,F,F,F,F,F,F,F,F,F,F,F,F,F,F,F,F,F,F,F,F,F,F,F,F,F,F,F,F,F,F,F,F,F,F,F,F,F,F,F,F,F,F,F,F,F,F,F,F,F,F,F,F,F,F,F,F,F,F,F,F,F,F,F,F,F,F,F,F,F,F,F,F,F,F,F,F,F,F,F,F,F,F,F,F,F,F,F,F,F,F,F,F,F,F,F,F,F,F,F,F,F,F,F,F,F,F,F,F,F,F,F,F,F,F,F,F,F,F,F,F,F,F,F,F,F,F,F,F,F,F,F,F,F,F,F,F,F,F,F,F,F,F
MOD17A2H.A2013033.h12v02.006.2015256015222.Gpp_500m,MOD17A2H,A2013033,Lat66.02328333Lon-137.2492667Samp13Line13,2015256015222,Gpp_500m,F,F,F,F,F,F,F,F,F,F,F,F,F,F,F,F,F,F,F,F,F,F,F,F,F,F,F,F,F,F,F,F,F,F,F,F,F,F,F,F,F,F,F,F,F,F,F,F,F,F,F,F,F,F,F,F,F,F,F,F,F,F,F,F,F,F,F,F,F,F,F,F,F,F,F,F,F,F,F,F,F,F,F,F,F,F,F,F,F,F,F,F,F,F,F,F,F,F,F,F,F,F,F,F,F,F,F,F,F,F,F,F,F,F,F,F,F,F,F,F,F,F,F,F,F,F,F,F,F,F,F,F,F,F,F,F,F,F,F,F,F,F,F,F,F,F,F,F,F,F,F,F,F,F,F,F,F,F,F,F,F,F,F,F,F,F,F,F,F
MOD17A2H.A2013041.h12v02.006.2015256165338.Gpp_500m,MOD17A2H,A2013041,Lat66.02328333Lon-137.2492667Samp13Line13,2015256165338,Gpp_500m,F,F,F,F,F,F,F,F,F,F,F,F,F,F,F,F,F,F,F,F,F,F,F,F,F,F,F,F,F,F,F,F,F,F,F,F,F,F,F,F,F,F,F,F,F,F,F,F,F,F,F,F,F,F,F,F,F,F,F,F,F,F,F,F,F,F,F,F,F,F,F,F,F,F,F,F,F,F,F,F,F,F,F,F,F,F,F,F,F,F,F,F,F,F,F,F,F,F,F,F,F,F,F,F,F,F,F,F,F,F,F,F,F,F,F,F,F,F,F,F,F,F,F,F,F,F,F,F,F,F,F,F,F,F,F,F,F,F,F,F,F,F,F,F,F,F,F,F,F,F,F,F,F,F,F,F,F,F,F,F,F,F,F,F,F,F,F,F,F
MOD17A2H.A2013049.h12v02.006.2015256235719.Gpp_500m,MOD17A2H,A2013049,Lat66.02328333Lon-137.2492667Samp13Line13,2015256235719,Gpp_500m,F,F,F,F,F,F,F,F,F,F,F,F,F,F,F,F,F,F,F,F,F,F,F,F,F,F,F,F,F,F,F,F,F,F,F,F,F,F,F,F,F,F,F,F,F,F,F,F,F,F,F,F,F,F,F,F,F,F,F,F,F,F,F,F,F,F,F,F,F,F,F,F,F,F,F,F,F,F,F,F,F,F,F,F,F,F,F,F,F,F,F,F,F,F,F,F,F,F,F,F,F,F,F,F,F,F,F,F,F,F,F,F,F,F,F,F,F,F,F,F,F,F,F,F,F,F,F,F,F,F,F,F,F,F,F,F,F,F,F,F,F,F,F,F,F,F,F,F,F,F,F,F,F,F,F,F,F,F,F,F,F,F,F,F,F,F,F,F,F
MOD17A2H.A2013057.h12v02.006.2015257024716.Gpp_500m,MOD17A2H,A2013057,Lat66.02328333Lon-137.2492667Samp13Line13,2015257024716,Gpp_500m,F,F,F,F,F,F,F,F,F,F,F,F,F,F,F,F,F,F,F,F,F,F,F,F,F,F,F,F,F,F,F,F,F,F,F,F,F,F,F,F,F,F,F,F,F,F,F,F,F,F,F,F,F,F,F,F,F,F,F,F,F,F,F,F,F,F,F,F,F,F,F,F,F,F,F,F,F,F,F,F,F,F,F,F,F,F,F,F,F,F,F,F,F,F,F,F,F,F,F,F,F,F,F,F,F,F,F,F,F,F,F,F,F,F,F,F,F,F,F,F,F,F,F,F,F,F,F,F,F,F,F,F,F,F,F,F,F,F,F,F,F,F,F,F,F,F,F,F,F,F,F,F,F,F,F,F,F,F,F,F,F,F,F,F,F,F,F,F,F
MOD17A2H.A2013065.h12v02.006.2015257053605.Gpp_500m,MOD17A2H,A2013065,Lat66.02328333Lon-137.2492667Samp13Line13,2015257053605,Gpp_500m,F,F,F,F,F,F,F,F,F,F,F,F,F,F,F,F,F,F,F,F,F,F,F,F,F,F,F,F,F,F,F,F,F,F,F,F,F,F,F,F,F,F,F,F,F,F,F,F,F,F,F,F,F,F,F,F,F,F,F,F,F,F,F,F,F,F,F,F,F,F,F,F,F,F,F,F,F,F,F,F,F,F,F,F,F,F,F,F,F,F,F,F,F,F,F,F,F,F,F,F,F,F,F,F,F,F,F,F,F,F,F,F,F,F,F,F,F,F,F,F,F,F,F,F,F,F,F,F,F,F,F,F,F,F,F,F,F,F,F,F,F,F,F,F,F,F,F,F,F,F,F,F,F,F,F,F,F,F,F,F,F,F,F,F,F,F,F,F,F
MOD17A2H.A2013073.h12v02.006.2015257075132.Gpp_500m,MOD17A2H,A2013073,Lat66.02328333Lon-137.2492667Samp13Line13,2015257075132,Gpp_500m,F,F,F,F,F,F,F,F,F,F,F,F,F,F,F,F,F,F,F,F,F,F,F,F,F,F,F,F,F,F,F,F,F,F,F,F,F,F,F,F,F,F,F,F,F,F,F,F,F,F,F,F,F,F,F,F,F,F,F,F,F,F,F,F,F,F,F,F,F,F,F,F,F,F,F,F,F,F,F,F,F,F,F,F,F,F,F,F,F,F,F,F,F,F,F,F,F,F,F,F,F,F,F,F,F,F,F,F,F,F,F,F,F,F,F,F,F,F,F,F,F,F,F,F,F,F,F,F,F,F,F,F,F,F,F,F,F,F,F,F,F,F,F,F,F,F,F,F,F,F,F,F,F,F,F,F,F,F,F,F,F,F,F,F,F,F,F,F,F
MOD17A2H.A2013081.h12v02.006.2015257091407.Gpp_500m,MOD17A2H,A2013081,Lat66.02328333Lon-137.2492667Samp13Line13,2015257091407,Gpp_500m,F,F,F,F,F,F,F,F,F,F,F,F,F,F,F,F,F,F,F,F,F,F,F,F,F,F,F,F,F,F,F,F,F,F,F,F,F,F,F,F,F,F,F,F,F,F,F,F,F,F,F,F,F,F,F,F,F,F,F,F,F,F,F,F,F,F,F,F,F,F,F,F,F,F,F,F,F,F,F,F,F,F,F,F,F,F,F,F,F,F,F,F,F,F,F,F,F,F,F,F,F,F,F,F,F,F,F,F,F,F,F,F,F,F,F,F,F,F,F,F,F,F,F,F,F,F,F,F,F,F,F,F,F,F,F,F,F,F,F,F,F,F,F,F,F,F,F,F,F,F,F,F,F,F,F,F,F,F,F,F,F,F,F,F,F,F,F,F,F
MOD17A2H.A2013089.h12v02.006.2015257125318.Gpp_500m,MOD17A2H,A2013089,Lat66.02328333Lon-137.2492667Samp13Line13,2015257125318,Gpp_500m,F,F,F,F,F,F,F,F,F,F,F,F,F,F,F,F,F,F,F,F,F,F,F,F,F,F,F,F,F,F,F,F,F,F,F,F,F,F,F,F,F,F,F,F,F,F,F,F,F,F,F,F,F,F,F,F,F,F,F,F,F,F,F,F,F,F,F,F,F,F,F,F,F,F,F,F,F,F,F,F,F,F,F,F,F,F,F,F,F,F,F,F,F,F,F,F,F,F,F,F,F,F,F,F,F,F,F,F,F,F,F,F,F,F,F,F,F,F,F,F,F,F,F,F,F,F,F,F,F,F,F,F,F,F,F,F,F,F,F,F,F,F,F,F,F,F,F,F,F,F,F,F,F,F,F,F,F,F,F,F,F,F,F,F,F,F,F,F,F
MOD17A2H.A2013097.h12v02.006.2015257145442.Gpp_500m,MOD17A2H,A2013097,Lat66.02328333Lon-137.2492667Samp13Line13,2015257145442,Gpp_500m,F,F,F,F,F,F,F,F,F,F,F,F,F,F,F,F,F,F,F,F,F,F,F,F,F,F,F,F,F,F,F,F,F,F,F,F,F,F,F,F,F,F,F,F,F,F,F,F,F,F,F,F,F,F,F,F,F,F,F,F,F,F,F,F,F,F,F,F,F,F,F,F,F,F,F,F,F,F,F,F,F,F,F,F,F,F,F,F,F,F,F,F,F,F,F,F,F,F,F,F,F,F,F,F,F,F,F,F,F,F,F,F,F,F,F,F,F,F,F,F,F,F,F,F,F,F,F,F,F,F,F,F,F,F,F,F,F,F,F,F,F,F,F,F,F,F,F,F,F,F,F,F,F,F,F,F,F,F,F,F,F,F,F,F,F,F,F,F,F
MOD17A2H.A2013105.h12v02.006.2015257151252.Gpp_500m,MOD17A2H,A2013105,Lat66.02328333Lon-137.2492667Samp13Line13,2015257151252,Gpp_500m,F,F,F,F,F,F,F,F,F,F,F,F,F,F,F,F,F,F,F,F,F,F,F,F,F,F,F,F,F,F,F,F,F,F,F,F,F,F,F,F,F,F,F,F,F,F,F,F,F,F,F,F,F,F,F,F,F,F,F,F,F,F,F,F,F,F,F,F,F,F,F,F,F,F,F,F,F,F,F,F,F,F,F,F,F,F,F,F,F,F,F,F,F,F,F,F,F,F,F,F,F,F,F,F,F,F,F,F,F,F,F,F,F,F,F,F,F,F,F,F,F,F,F,F,F,F,F,F,F,F,F,F,F,F,F,F,F,F,F,F,F,F,F,F,F,F,F,F,F,F,F,F,F,F,F,F,F,F,F,F,F,F,F,F,F,F,F,F,F
MOD17A2H.A2013113.h12v02.006.2015259040438.Gpp_500m,MOD17A2H,A2013113,Lat66.02328333Lon-137.2492667Samp13Line13,2015259040438,Gpp_500m,F,F,F,F,F,F,F,F,F,F,F,F,F,F,F,F,F,F,F,F,F,F,F,F,F,F,F,F,F,F,F,F,F,F,F,F,F,F,F,F,F,F,F,F,F,F,F,F,F,F,F,F,F,F,F,F,F,F,F,F,F,F,F,F,F,F,F,F,F,F,F,F,F,F,F,F,F,F,F,F,F,F,F,F,F,F,F,F,F,F,F,F,F,F,F,F,F,F,F,F,F,F,F,F,F,F,F,F,F,F,F,F,F,F,F,F,F,F,F,F,F,F,F,F,F,F,F,F,F,F,F,F,F,F,F,F,F,F,F,F,F,F,F,F,F,F,F,F,F,F,F,F,F,F,F,F,F,F,F,F,F,F,F,F,F,F,F,F,F
MOD17A2H.A2013121.h12v02.006.2015260163158.Gpp_500m,MOD17A2H,A2013121,Lat66.02328333Lon-137.2492667Samp13Line13,2015260163158,Gpp_500m,F,F,F,F,F,F,F,F,F,F,F,F,F,F,F,F,F,F,F,F,F,F,F,F,F,F,F,F,F,F,F,F,F,F,F,F,F,F,F,F,F,F,F,F,F,F,F,F,F,F,F,F,F,F,F,F,F,F,F,F,F,F,F,F,F,F,F,F,F,F,F,F,F,F,F,F,F,F,F,F,F,F,F,F,F,F,F,F,F,F,F,F,F,F,F,F,F,F,F,F,F,F,F,F,F,F,F,F,F,F,F,F,F,F,F,F,F,F,F,F,F,F,F,F,F,F,F,F,F,F,F,F,F,F,F,F,F,F,F,F,F,F,F,F,F,F,F,F,F,F,F,F,F,F,F,F,F,F,F,F,F,F,F,F,F,F,F,F,F
MOD17A2H.A2013129.h12v02.006.2015260205436.Gpp_500m,MOD17A2H,A2013129,Lat66.02328333Lon-137.2492667Samp13Line13,2015260205436,Gpp_500m,F,F,F,F,F,F,F,F,F,F,F,F,F,F,F,F,F,F,F,F,F,F,F,F,F,F,F,F,F,F,F,F,F,F,F,F,F,F,F,F,F,F,F,F,F,F,F,F,F,F,F,F,F,F,F,F,F,F,F,F,F,F,F,F,F,F,F,F,F,F,F,F,F,F,F,F,F,F,F,F,F,F,F,F,F,F,F,F,F,F,F,F,F,F,F,F,F,F,F,F,F,F,F,F,F,F,F,F,F,F,F,F,F,F,F,F,F,F,F,F,F,F,F,F,F,F,F,F,F,F,F,F,F,F,F,F,F,F,F,F,F,F,F,F,F,F,F,F,F,F,F,F,F,F,F,F,F,F,F,F,F,F,F,F,F,F,F,F,F
MOD17A2H.A2013137.h12v02.006.2015260225527.Gpp_500m,MOD17A2H,A2013137,Lat66.02328333Lon-137.2492667Samp13Line13,2015260225527,Gpp_500m,0.0102,0.0108,0.0094,0.0059,0.0094,0.0066,0.0053,0.0088,0.0068,0.0019,0.0019,0.0018,F,0.0071,0.0059,F,F,F,0.0034,0.0018,F,F,0.0036,0.0068,0.0059,0.0018,F,F,F,0.0029,0.0068,0.0034,F,0.0073,0.0073,0.0059,0.0069,F,F,0.0018,0.0029,0.0068,0.0034,0.0068,0.0102,0.0073,0.0039,0.0019,0.0019,F,F,F,0.0068,0.0027,0.0079,0.0106,0.0039,0.0036,0.0069,F,F,F,F,F,0.002,0.0094,0.0068,0.0068,0.008,0.0069,0.0072,F,F,F,F,F,0.0034,0.0052,0.0036,0.0018,0.0018,F,F,F,0.0039,0.006,F,0.0018,0.0069,0.0069,0.002,F,F,F,0.0018,0.0027,0.0088,0.0072,0.0076,0.0094,0.0069,0.0037,0.0018,F,0.0019,0.0018,F,0.0088,0.0111,0.0069,0.0096,0.0108,0.0097,0.01,F,F,0.0037,F,F,0.0018,0.002,0.0097,0.0097,0.01,0.01,0.0081,0.009,0.0074,0.0057,0.0055,0.002,0.002,0.0037,0.004,0.0066,0.0104,0.0104,0.0046,0.0074,0.0047,0.0037,0.0046,0.0037,0.0018,F,0.0066,0.0065,0.0033,0.0046,0.0033,0.0037,0.0018,F,F,F,0.0041,0.0037,0.0018,0.0018,0.0018,0.0027,0.0027,0.0018,0.0033,0.0037,F,F,0.0018,0.0037
MOD17A2H.A2013145.h12v02.006.2015260232045.Gpp_500m,MOD17A2H,A2013145,Lat66.02328333Lon-137.2492667Samp13Line13,2015260232045,Gpp_500m,0.0256,0.0262,0.025,0.0256,0.0211,0.0211,0.0211,0.0199,0.0255,0.0226,0.0215,0.0215,0.0215,0.0218,0.0217,0.02,0.0289,0.0289,0.0275,0.0193,0.0214,0.0207,0.0233,0.026,0.0244,0.0215,0.0211,0.0211,0.0249,0.024,0.0233,0.024,0.0249,0.026,0.0255,0.0244,0.0226,0.0206,0.0206,0.0249,0.0249,0.0233,0.024,0.0255,0.0249,0.0255,0.0226,0.021,0.0233,0.026,0.021,0.0209,0.0249,0.0233,0.0255,0.0249,0.0215,0.0244,0.0254,0.0265,0.026,0.0222,0.0215,0.0215,0.0222,0.0255,0.0249,0.0244,0.0254,0.0254,0.0265,0.0283,0.0222,0.0209,0.0215,0.0205,0.0215,0.0233,0.0249,0.0222,0.021,0.0206,0.0215,0.0215,0.0226,0.0248,0.0233,0.0222,0.0233,0.0233,0.0226,0.021,0.0206,0.0215,0.0248,0.0259,0.0248,0.0265,0.0248,0.0215,0.0226,0.0226,0.0215,0.0208,0.0283,0.0248,0.0215,0.0253,0.0253,0.0237,0.0226,0.0233,0.0248,0.0226,0.0215,0.0215,0.0232,0.0265,0.0222,0.0222,0.0226,0.0221,0.0208,0.0248,0.0248,0.0248,0.0219,0.0248,0.0259,0.0241,0.0226,0.0237,0.0205,0.0221,0.0259,0.0269,0.0232,0.0232,0.0265,0.0259,0.0252,0.0234,0.0231,0.0205,0.0254,0.0253,0.0269,0.0232,0.0226,0.0219,0.0231,0.0219,0.0231,0.0226,0.0215,0.0201,0.0259,0.0215,0.0198,0.0187,0.0198,0.0219,0.0226,0.0231,0.0215,0.0215,0.0215,0.0208,0.0248
MOD17A2H.A2013153.h12v02.006.2015262014635.Gpp_500m,MOD17A2H,A2013153,Lat66.02328333Lon-137.2492667Samp13Line13,2015262014635,Gpp_500m,0.0259,0.03,0.0314,0.0274,0.0274,0.0265,0.0265,0.0319,0.032,0.0275,0.0315,0.027,0.0266,0.0294,0.0274,0.0265,0.0353,0.0354,0.0353,0.0265,0.0275,0.026,0.025,0.0294,0.0305,0.026,0.0265,0.0265,0.0265,0.026,0.032,0.0304,0.0301,0.0301,0.0294,0.0275,0.026,0.0241,0.0231,0.031,0.0301,0.0265,0.029,0.027,0.027,0.0275,0.0241,0.0236,0.0241,0.0241,0.0241,0.0255,0.0265,0.026,0.024,0.0255,0.026,0.026,0.0275,0.027,0.0271,0.0271,0.022,0.0216,0.0183,0.024,0.0255,0.0289,0.0294,0.0275,0.0294,0.0286,0.0271,0.0227,0.022,0.0187,0.0208,0.0235,0.027,0.026,0.0266,0.0231,0.0202,0.0227,0.0227,0.0255,0.022,0.022,0.0227,0.0216,0.0217,0.026,0.022,0.0202,0.022,0.0232,0.0241,0.0241,0.0235,0.0213,0.0208,0.0227,0.0236,0.0241,0.0211,0.0227,0.0216,0.0241,0.0271,0.0232,0.0227,0.0227,0.0241,0.0267,0.0241,0.0218,0.0221,0.022,0.0216,0.0216,0.0202,0.022,0.0227,0.0232,0.0267,0.0236,0.0213,0.0232,0.0236,0.0232,0.0213,0.0187,0.0187,0.0193,0.0227,0.0232,0.0236,0.0221,0.0236,0.0221,0.0257,0.0295,0.0291,0.0187,0.0213,0.0213,0.0232,0.0208,0.0198,0.0193,0.0221,0.0198,0.0262,0.0295,0.0282,0.0187,0.0213,0.0187,0.0193,0.0176,0.0193,0.0187,0.0182,0.0247,0.0277,0.0282,0.0198,0.0198,0.0228
MOD17A2H.A2013161.h12v02.006.2015262214337.Gpp_500m,MOD17A2H,A2013161,Lat66.02328333Lon-137.2492667Samp13Line13,2015262214337,Gpp_500m,0.0405,0.0443,0.0382,0.0382,0.0382,0.0382,0.0382,0.0418,0.0418,0.0418,0.0364,0.0364,0.0351,0.0382,0.0382,0.0352,0.0438,0.0438,0.0477,0.0364,0.0342,0.0364,0.0376,0.0389,0.0389,0.0342,0.0371,0.0358,0.0336,0.0336,0.0405,0.0389,0.0376,0.0383,0.0376,0.0376,0.0358,0.0329,0.0323,0.0382,0.0382,0.0376,0.0329,0.0376,0.0376,0.0345,0.0329,0.0342,0.0329,0.0323,0.0345,0.0351,0.0376,0.0329,0.0376,0.0345,0.0345,0.0358,0.0341,0.0341,0.0345,0.0335,0.0351,0.0376,0.0383,0.0389,0.0364,0.0345,0.0358,0.0376,0.037,0.037,0.0323,0.037,0.0383,0.0351,0.0351,0.0335,0.0364,0.0329,0.0329,0.0316,0.037,0.0323,0.0328,0.0383,0.0341,0.0323,0.0335,0.0335,0.0317,0.0329,0.0316,0.0287,0.0323,0.037,0.0358,0.0341,0.0328,0.0328,0.0335,0.0309,0.0323,0.0303,0.0309,0.0316,0.0304,0.0328,0.0351,0.0351,0.034,0.0351,0.0335,0.0364,0.0322,0.0317,0.0329,0.0304,0.0304,0.0304,0.0317,0.0328,0.0358,0.0335,0.0345,0.0345,0.0345,0.0329,0.0345,0.0345,0.0304,0.0291,0.0328,0.0335,0.0328,0.0317,0.0339,0.0351,0.0345,0.0334,0.0334,0.0386,0.0345,0.0291,0.0328,0.0328,0.0322,0.0339,0.0351,0.031,0.031,0.031,0.0329,0.0329,0.0322,0.0311,0.0351,0.0322,0.0281,0.0281,0.0281,0.0303,0.031,0.029,0.0297,0.0311,0.0311,0.0322,0.0339
MOD17A2H.A2013169.h12v02.006.2015262220922.Gpp_500m,MOD17A2H,A2013169,Lat66.02328333Lon-137.2492667Samp13Line13,2015262220922,Gpp_500m,0.0506,0.0506,0.0527,0.0527,0.0521,0.0521,0.0547,0.058,0.0573,0.0588,0.0554,0.0479,0.0471,0.0479,0.0479,0.0479,0.0706,0.0697,0.0697,0.0521,0.0514,0.0514,0.0458,0.054,0.0506,0.0506,0.0479,0.0479,0.0527,0.0471,0.0573,0.0547,0.0546,0.0514,0.0491,0.0491,0.0458,0.0486,0.0471,0.0527,0.0547,0.0573,0.0466,0.0521,0.0514,0.0466,0.0471,0.0451,0.0451,0.0438,0.0438,0.045,0.0471,0.0458,0.0499,0.0506,0.0458,0.0458,0.0451,0.0491,0.0438,0.0479,0.0431,0.0431,0.0438,0.0521,0.0479,0.0451,0.0491,0.0491,0.0491,0.0499,0.0479,0.0418,0.0431,0.0445,0.045,0.045,0.0458,0.0451,0.0471,0.0479,0.0431,0.0431,0.0458,0.0431,0.0431,0.0431,0.045,0.0438,0.0424,0.0471,0.0479,0.0404,0.0431,0.0458,0.0458,0.0438,0.045,0.045,0.045,0.0418,0.0423,0.0431,0.0431,0.0431,0.0412,0.0412,0.0438,0.045,0.0458,0.0458,0.0458,0.045,0.0431,0.0431,0.0423,0.0425,0.0425,0.0438,0.0438,0.0445,0.0445,0.0444,0.045,0.0438,0.0484,0.0484,0.0418,0.0458,0.0398,0.0418,0.0418,0.045,0.0444,0.0458,0.0458,0.0484,0.0484,0.0418,0.0423,0.0431,0.0404,0.0424,0.045,0.0458,0.045,0.045,0.0471,0.0445,0.0398,0.0398,0.0383,0.0404,0.0423,0.0437,0.0404,0.0404,0.045,0.0398,0.0383,0.0383,0.0398,0.0383,0.0383,0.0397,0.043,0.043,0.0437
MOD17A2H.A2013177.h12v02.006.2015262223136.Gpp_500m,MOD17A2H,A2013177,Lat66.02328333Lon-137.2492667Samp13Line13,2015262223136,Gpp_500m,0.0572,0.0556,0.0576,0.0572,0.0584,0.0576,0.0597,0.0625,0.0603,0.0589,0.0603,0.0549,0.0561,0.0548,0.0542,0.0534,0.075,0.074,0.077,0.0563,0.0589,0.0541,0.0554,0.0568,0.0588,0.0539,0.0534,0.0534,0.0549,0.059,0.0596,0.0603,0.0589,0.0561,0.0568,0.0548,0.0539,0.0539,0.0539,0.0555,0.059,0.0596,0.0575,0.0527,0.0561,0.0548,0.052,0.052,0.0539,0.0526,0.0513,0.0498,0.0506,0.0512,0.0527,0.0554,0.0532,0.0527,0.0539,0.0539,0.056,0.0519,0.0498,0.0526,0.0518,0.054,0.052,0.054,0.0539,0.0539,0.0568,0.056,0.0506,0.0505,0.0505,0.0526,0.0539,0.0545,0.0499,0.0539,0.0526,0.0498,0.0498,0.0483,0.0518,0.0518,0.0497,0.0526,0.0511,0.0496,0.0489,0.052,0.049,0.049,0.0476,0.0518,0.0518,0.0532,0.0532,0.0532,0.0545,0.0496,0.0496,0.0504,0.0483,0.0498,0.0477,0.0512,0.0512,0.0532,0.0538,0.0525,0.0525,0.051,0.0504,0.0496,0.0467,0.049,0.0477,0.0504,0.0518,0.0526,0.0509,0.0509,0.0517,0.0525,0.0503,0.0503,0.051,0.051,0.0504,0.0512,0.0526,0.0532,0.0509,0.051,0.0525,0.0525,0.0531,0.0517,0.0517,0.0517,0.0517,0.0488,0.0532,0.0518,0.051,0.0525,0.0517,0.0503,0.0503,0.0503,0.0496,0.0517,0.0529,0.053,0.0496,0.0481,0.0476,0.0476,0.0489,0.051,0.0503,0.0495,0.0495,0.051,0.051,0.053,0.0509
MOD17A2H.A2013185.h12v02.006.2015262225501.Gpp_500m,MOD17A2H,A2013185,Lat66.02328333Lon-137.2492667Samp13Line13,2015262225501,Gpp_500m,0.0456,0.0445,0.0444,0.0444,0.0465,0.0444,0.0444,0.0478,0.0478,0.0441,0.0441,0.0455,0.0455,0.0444,0.0444,0.0444,0.0544,0.0544,0.0544,0.0455,0.0441,0.0441,0.0441,0.0455,0.0446,F,0.0441,0.0441,0.0444,0.045,0.0451,0.0445,0.0455,0.0424,0.0424,0.0424,0.0254,0.0175,F,0.0406,0.0444,0.0451,0.0445,0.0455,0.0424,0.0424,0.0424,0.0128,0.0086,F,F,F,0.0403,0.0412,0.0412,0.0418,0.0424,0.0424,0.0166,0.0086,F,F,F,F,0.0254,0.0412,0.0418,0.0424,0.0363,F,0.015,0.0086,F,F,0.0237,F,0.0273,0.015,0.0418,0.0213,F,0.0123,0.0117,F,F,0.0237,0.0285,0.0208,0.0097,0.0403,0.0079,F,F,F,F,F,0.0273,0.0451,0.0413,0.0421,0.0435,F,0.043,0.0451,F,0.0424,0.0413,0.0376,0.0451,0.0451,0.0424,0.0434,0.0425,0.0425,0.0451,0.0431,0.042,0.0387,0.0387,0.0478,0.0387,0.0421,0.0421,0.0403,0.0425,0.0414,0.0414,0.042,0.042,0.042,0.0478,0.0364,0.0406,0.0414,0.0421,0.0421,0.0414,0.0414,0.0425,F,F,F,F,0.0473,0.0396,0.043,0.0435,0.0414,0.0337,F,F,F,F,F,0.0257,0.0269,0.0376,0.035,0.036,0.0263,F,0.0366,0.0371,F,F,0.0392,0.0415,0.0361,0.0361
MOD17A2H.A2013193.h12v02.006.2015264014057.Gpp_500m,MOD17A2H,A2013193,Lat66.02328333Lon-137.2492667Samp13Line13,2015264014057,Gpp_500m,0.0517,0.0512,0.0506,0.0525,0.0479,0.05,0.05,0.0517,0.0517,0.0477,0.0541,0.0493,0.0488,0.0501,0.0501,0.0478,0.0626,0.0626,0.0626,0.0511,0.0477,0.0475,0.0475,0.0499,0.0498,0.0488,0.0459,0.0459,0.0482,0.0487,0.05,0.0517,0.0505,0.0505,0.0488,0.0481,0.0481,0.0481,0.0474,0.0493,0.0511,0.0511,0.0493,0.0487,0.0499,0.0475,0.0475,0.0464,0.0464,0.0465,0.0469,0.0469,0.0425,0.0482,0.0487,0.0488,0.0471,0.0481,0.0481,0.0481,0.0474,0.0469,0.0464,0.0474,0.0474,0.0493,0.0475,0.0471,0.0481,0.0488,0.0492,0.0491,0.0493,0.0452,0.0468,0.0481,0.0468,0.0474,0.0471,0.0481,0.0458,0.0464,0.0441,0.0457,0.0481,0.0481,0.0457,0.0457,0.0464,0.0451,0.0445,0.0458,0.0487,0.0446,0.0453,0.0452,0.0474,0.0457,0.0468,0.048,0.0469,0.0445,0.0445,0.0457,0.0441,0.0453,0.0452,0.0452,0.0457,0.0469,0.048,0.0469,0.0457,0.0463,0.045,0.0441,0.0427,0.0452,0.044,0.044,0.0441,0.0469,0.0464,0.0457,0.0468,0.0468,0.0434,0.0449,0.0449,0.0445,0.0457,0.0441,0.0464,0.0464,0.0464,0.0468,0.0468,0.0462,0.0457,0.0434,0.0449,0.0456,0.0456,0.0445,0.0464,0.0451,0.0468,0.0473,0.0473,0.0473,0.0449,0.0434,0.0427,0.0427,0.0439,0.0444,0.0451,0.0441,0.0441,0.0446,0.0446,0.0449,0.0456,0.0467,0.0422,0.0508,0.0525,0.0427,0.0427
MOD17A2H.A2013201.h12v02.006.2015264132937.Gpp_500m,MOD17A2H,A2013201,Lat66.02328333Lon-137.2492667Samp13Line13,2015264132937,Gpp_500m,0.0472,0.0464,0.0454,0.0487,0.047,0.0454,0.0459,0.0453,0.0252,0.0194,0.0463,0.0463,0.0445,0.0454,0.044,0.0441,0.0548,0.0549,0.0579,0.0453,0.0448,0.0474,0.0462,0.0452,0.0486,0.0452,0.0448,0.0454,0.0432,0.0432,F,0.0474,0.0474,0.0469,0.0469,0.0458,0.0452,0.0452,0.0439,0.048,0.048,0.0448,0.0474,0.0469,0.0469,0.0445,0.044,0.0458,0.0452,0.0439,0.0434,0.0433,0.0448,0.0425,0.0463,0.0436,0.0452,0.044,0.0452,0.0468,0.0468,0.0433,0.0433,0.0457,0.045,0.0469,0.0436,0.0452,0.0468,0.0468,0.0463,0.0431,0.0473,0.0433,0.043,0.0439,0.045,0.0445,0.0452,0.0436,0.0431,0.0463,0.0431,0.0418,0.0468,0.044,0.0439,0.0439,0.0445,0.0445,0.0433,0.0431,0.0406,0.0406,0.0413,0.0424,0.0469,0.0439,0.0433,0.045,0.0456,0.0433,0.0428,0.0438,0.0424,0.0418,0.0424,0.0413,0.0423,0.0433,0.0427,0.0456,0.0439,0.0444,0.0444,0.0429,0.0404,0.0406,0.0406,0.0406,0.0395,0.0427,0.0427,0.0423,0.0444,0.0444,0.0429,0.0422,0.0428,0.0437,0.0423,0.0395,0.0427,0.0439,0.0438,0.0444,0.0432,0.0444,0.0428,0.041,0.0437,0.0437,0.0415,0.0412,0.0427,0.0438,0.0438,0.0438,0.0429,0.041,0.0428,0.041,0.0405,0.0393,0.0343,0.0422,0.0356,0.0378,0.0401,0.0389,0.041,0.0405,0.0427,0.0378,0.0393,0.0343,0.0343,0.0426,0.0426
MOD17A2H.A2013209.h12v02.006.2015267223156.Gpp_500m,MOD17A2H,A2013209,Lat66.02328333Lon-137.2492667Samp13Line13,2015267223156,Gpp_500m,0.0553,0.0547,0.0572,0.0559,0.0565,0.0578,0.0565,0.0593,0.0565,0.0611,0.0577,0.0546,0.0544,0.0539,0.052,0.0505,0.0716,0.0716,0.0715,0.0546,0.0565,0.0525,0.0525,0.0573,0.0565,0.0543,0.0513,0.0513,0.0531,0.0485,0.0546,0.0606,0.0565,0.0557,0.0544,0.0517,0.0532,0.0543,0.0525,0.0531,0.0593,0.0565,0.0519,0.055,0.0557,0.0517,0.0517,0.0511,0.0525,0.0525,0.0517,0.0505,0.0498,0.0532,0.0557,0.0532,0.0517,0.0511,0.0532,0.055,0.055,0.0517,0.049,0.0538,0.0525,0.0546,0.0505,0.0517,0.0543,0.0525,0.055,0.0571,0.0525,0.049,0.0498,0.0505,0.0517,0.0509,0.0525,0.0525,0.0525,0.0497,0.0483,0.0517,0.0543,0.0618,0.053,0.0505,0.0544,0.0523,0.0543,0.0537,0.0479,0.0483,0.0477,0.0517,0.0498,0.053,0.0536,0.0544,0.0543,0.0536,0.0523,0.0523,0.0483,0.0498,0.0477,0.0498,0.055,0.055,0.053,0.053,0.0536,0.0543,0.0557,0.0529,0.049,0.0472,0.0464,0.0482,0.055,0.0509,0.0498,0.0543,0.0564,0.0536,0.0529,0.0529,0.0515,0.0589,0.0458,0.053,0.0498,0.0516,0.0509,0.0509,0.0536,0.055,0.0529,0.0515,0.0515,0.0515,0.0508,0.0482,0.0482,0.0516,0.0516,0.0536,0.0536,0.0529,0.049,0.049,0.0483,0.0508,0.0522,0.0522,0.0464,0.0464,0.0515,0.0508,0.0509,0.0498,0.049,0.0483,0.0483,0.0502,0.055,0.0549,0.0501
MOD17A2H.A2013217.h12v02.006.2015267235059.Gpp_500m,MOD17A2H,A2013217,Lat66.02328333Lon-137.2492667Samp13Line13,2015267235059,Gpp_500m,0.0522,0.0515,0.0492,0.0523,0.0529,0.0535,0.0535,0.0539,0.0522,0.0529,0.0529,0.0504,0.0474,0.0481,0.0468,0.046,0.0649,0.0657,0.0657,0.045,0.0456,0.0485,0.0485,0.0468,0.0508,0.049,0.048,0.0474,0.0456,0.0491,0.0529,0.0529,0.0497,0.0485,0.0478,0.0478,0.049,0.0478,0.0478,0.0534,0.0539,0.0539,0.048,0.049,0.0485,0.046,0.0468,0.0473,0.0473,0.0468,0.0483,0.049,0.045,0.046,0.0485,0.0455,0.0484,0.0508,0.0478,0.0496,0.0484,0.0483,0.049,0.0503,0.0495,0.0485,0.0455,0.0455,0.0508,0.0503,0.0557,0.0484,0.0508,0.0477,0.0483,0.0495,0.0483,0.0483,0.0468,0.0478,0.046,0.0496,0.0484,0.0449,0.0508,0.0483,0.049,0.0467,0.0495,0.047,0.0476,0.0544,0.0473,0.0442,0.0442,0.0472,0.0508,0.0483,0.049,0.0495,0.0503,0.0489,0.047,0.0476,0.046,0.0477,0.0472,0.046,0.0454,0.049,0.049,0.049,0.0483,0.0476,0.0476,0.047,0.047,0.0448,0.0448,0.0435,0.0472,0.0483,0.0495,0.0503,0.0489,0.0488,0.0466,0.0465,0.0477,0.0482,0.0435,0.0435,0.046,0.0495,0.0495,0.0495,0.0476,0.0466,0.047,0.046,0.0482,0.0482,0.0469,0.046,0.0483,0.047,0.0466,0.0476,0.0461,0.0441,0.047,0.047,0.0469,0.0459,0.0465,0.0496,0.0431,0.0454,0.0454,0.0441,0.0441,0.047,0.0477,0.0454,0.0465,0.0477,0.0496,0.0482,0.0482
MOD17A2H.A2013225.h12v02.006.2015268010751.Gpp_500m,MOD17A2H,A2013225,Lat66.02328333Lon-137.2492667Samp13Line13,2015268010751,Gpp_500m,F,F,F,F,F,F,F,F,F,F,F,F,0.006,F,F,F,F,F,F,F,F,F,F,F,0.0065,F,F,F,F,F,F,F,F,F,0.0031,0.0031,F,F,F,F,0.0089,F,F,F,F,F,F,F,0.0082,0.0082,0.0076,0.0031,0.0095,0.0094,F,F,F,F,0.004,0.004,0.0076,0.0076,0.0095,0.0076,0.0076,0.0031,0.0052,F,F,0.0094,0.0084,0.0084,0.0084,0.0076,0.0084,0.0087,0.0084,0.0084,F,F,0.0065,0.0076,0.0084,0.0076,0.008,0.0084,0.0067,0.0064,0.0084,0.008,0.006,0.0065,0.0076,0.008,0.0065,0.0065,0.004,F,0.004,0.0051,0.008,0.008,0.0071,0.0103,0.0065,F,F,F,F,0.004,0.006,0.008,0.008,0.0067,0.0064,0.0092,0.0092,F,F,F,0.0031,0.0064,0.0064,0.008,0.0093,0.0099,0.0099,F,F,F,F,F,F,0.0031,0.0067,0.0093,0.0093,0.0092,F,F,0.0214,0.0214,0.0232,F,0.006,0.0067,0.0107,0.0107,0.0095,F,F,0.0191,0.0191,0.0191,0.0341,0.0349,0.0087,0.0087,0.018,0.018,F,0.0277,0.0254,0.0191,0.0191,0.03,0.0349,0.0349,0.0276
MOD17A2H.A2013233.h12v02.006.2015268031709.Gpp_500m,MOD17A2H,A2013233,Lat66.02328333Lon-137.2492667Samp13Line13,2015268031709,Gpp_500m,0.0135,0.0135,0.0154,0.0135,0.0154,0.013,0.013,0.0163,0.0153,0.0139,0.0132,0.0129,0.0129,0.0141,0.0135,0.0124,0.0153,0.0154,0.015,0.0153,0.0119,0.0144,0.0118,0.0122,0.0122,0.0144,0.0139,0.0119,0.0141,0.0141,0.0153,0.0143,0.0144,0.0119,0.0119,0.0118,0.0118,0.0118,0.0136,0.0135,0.0148,0.0148,0.0143,0.0141,0.0141,0.0119,0.0105,0.0109,0.0119,0.0129,0.0105,0.0107,0.0122,0.0119,0.0135,0.0138,0.011,0.0119,0.0141,0.0144,0.0153,0.0109,0.0107,0.0125,0.0143,0.013,0.013,0.0119,0.013,0.0126,0.0126,0.0129,0.0119,0.0119,0.0118,0.0125,0.0143,0.0143,0.0119,0.0119,0.0126,0.01,0.0096,0.0096,0.011,0.0139,0.0134,0.0134,0.0129,0.0129,0.0129,0.0126,0.0129,0.0096,0.0095,0.0114,0.0146,0.0146,0.0134,0.0136,0.0134,0.0129,0.0123,0.0122,0.0129,0.0129,0.0125,0.0125,0.0125,0.0136,0.0129,0.0129,0.013,0.0136,0.0119,0.0119,0.012,0.0119,0.0114,0.0125,0.0119,0.0119,0.0128,0.0123,0.0132,0.0129,0.013,0.012,0.0133,0.0136,0.0119,0.0119,0.0109,0.0129,0.013,0.013,0.0132,0.0132,0.0136,0.0133,0.0136,0.0128,0.0128,0.0119,0.0119,0.0136,0.0119,0.0132,0.0122,0.0119,0.0122,0.0113,0.011,0.0117,0.0117,0.0127,0.0128,0.0119,0.011,0.011,0.011,0.0113,0.0118,0.011,0.0119,0.0117,0.0122,0.0123,0.0126
MOD17A2H.A2013241.h12v02.006.2015268113845.Gpp_500m,MOD17A2H,A2013241,Lat66.02328333Lon-137.2492667Samp13Line13,2015268113845,Gpp_500m,0.0167,0.0167,0.0167,0.0164,0.0164,0.015,0.0168,0.0182,0.017,0.017,0.015,0.0179,0.0153,0.0158,0.0143,0.0142,0.017,0.017,0.017,0.0137,0.0154,0.015,0.0158,0.0177,0.0177,0.0154,0.0143,0.0143,0.0142,0.0164,0.0187,0.0183,0.0177,0.0177,0.0164,0.0162,0.0154,0.0161,0.0145,0.0158,0.017,0.0183,0.0162,0.0162,0.0164,0.0143,0.015,0.015,0.0153,0.015,0.015,0.015,0.0138,0.0154,0.0162,0.0162,0.015,0.015,0.0164,0.0165,0.0168,0.015,0.0153,0.0158,0.0154,0.0164,0.0158,0.0153,0.017,0.0168,0.0168,0.0168,0.0168,0.0143,0.0143,0.0143,0.0154,0.0159,0.0158,0.0158,0.0134,0.0132,0.015,0.0134,0.0166,0.0166,0.0143,0.0143,0.0155,0.0159,0.015,0.0134,0.0132,0.0134,0.0134,0.0143,0.0143,0.0158,0.0154,0.0155,0.0159,0.0147,0.0142,0.0143,0.0143,0.0135,0.0143,0.0143,0.0154,0.0154,0.015,0.0147,0.0156,0.0156,0.0151,0.0141,0.0143,0.0132,0.0133,0.0133,0.0134,0.015,0.0147,0.016,0.016,0.016,0.0141,0.0152,0.0153,0.0154,0.0135,0.0134,0.0143,0.0143,0.0156,0.0156,0.0159,0.0154,0.0156,0.0149,0.014,0.0153,0.0148,0.0129,0.0143,0.0143,0.0156,0.0151,0.0141,0.014,0.0134,0.0149,0.014,0.0135,0.0135,0.014,0.0143,0.0143,0.0117,0.0121,0.0129,0.0134,0.0135,0.0129,0.0129,0.0135,0.014,0.0145,0.0145
MOD17A2H.A2013249.h12v02.006.2015268125453.Gpp_500m,MOD17A2H,A2013249,Lat66.02328333Lon-137.2492667Samp13Line13,2015268125453,Gpp_500m,0.0108,0.0113,0.0113,0.0105,0.0082,0.0105,0.0101,0.0099,0.0099,0.0101,0.0096,0.0112,0.0101,0.0091,0.0105,0.0082,0.0105,0.0105,0.01,0.0094,0.0101,0.0095,0.0095,0.0116,0.0105,0.0105,0.0087,0.0094,0.0094,0.0113,0.0094,0.0101,0.0116,0.0113,0.0113,0.0105,0.0105,0.0101,0.0102,0.0101,0.0113,0.0101,0.0108,0.0108,0.0111,0.0095,0.0105,0.0105,0.0101,0.0105,0.0105,0.011,0.0094,0.0105,0.0105,0.0111,0.0095,0.0095,0.0112,0.0119,0.0119,0.0105,0.011,0.011,0.0112,0.0105,0.0105,0.0112,0.0116,0.0116,0.0108,0.0119,0.0108,0.0098,0.0098,0.0098,0.0103,0.0116,0.0105,0.0091,0.0116,0.0099,0.0108,0.0082,0.011,0.0119,0.0098,0.0103,0.0103,0.0103,0.01,0.0088,0.0082,0.0091,0.0102,0.011,0.0119,0.0119,0.0119,0.0105,0.0103,0.0105,0.0081,0.0086,0.0101,0.0102,0.0095,0.0095,0.0105,0.011,0.011,0.0103,0.0105,0.0094,0.0094,0.0094,0.0098,0.0105,0.0105,0.0094,0.0098,0.011,0.011,0.0119,0.0119,0.0119,0.0123,0.0098,0.0105,0.0082,0.0098,0.0098,0.0098,0.0098,0.0116,0.0116,0.0119,0.0123,0.0103,0.0103,0.0097,0.0086,0.0082,0.0098,0.0082,0.0116,0.0116,0.01,0.01,0.01,0.01,0.0081,0.0072,0.0082,0.0081,0.0072,0.0098,0.0094,0.01,0.01,0.01,0.01,0.0081,0.0081,0.0081,0.0081,0.0094,0.007,0.0079
MOD17A2H.A2013257.h12v02.006.2015268131152.Gpp_500m,MOD17A2H,A2013257,Lat66.02328333Lon-137.2492667Samp13Line13,2015268131152,Gpp_500m,0.0009,0.0009,0.0009,0.0008,0.0009,0.0009,0.0009,0.0009,0.0009,0.0009,0.0009,F,F,0.0009,0.0009,0.0009,0.0009,0.0009,0.0009,0.0009,0.0009,F,F,F,F,F,0.0009,0.0009,0.0009,0.0009,0.0008,0.0009,0.0009,0.0009,F,0.0009,0.0009,0.0009,0.0009,0.0009,0.0009,0.0009,0.0009,0.0009,0.0009,0.0009,F,F,0.0009,0.0009,0.0016,0.0016,0.0009,0.0009,0.0009,0.0009,F,0.0009,0.0009,0.0009,0.0009,0.0016,0.0015,0.001,0.0011,0.0008,0.0008,0.0009,0.0009,F,0.0009,0.0009,0.0009,0.0009,0.0016,0.0018,0.0009,0.0027,0.0009,0.0009,0.0009,0.0009,0.0009,0.0008,0.0008,0.0008,0.0016,0.0036,0.0049,0.0049,0.0048,0.0009,0.0008,0.0009,0.0008,0.0008,0.0016,0.0016,0.0043,0.0054,0.0054,0.0048,0.0048,0.0041,0.0008,0.0008,0.0008,0.0016,0.0043,0.0052,0.0057,0.0054,0.0052,0.0052,0.0045,0.004,0.0042,0.0008,0.0009,0.0018,0.0047,0.0057,0.005,0.0048,0.0048,0.0045,0.0044,0.0045,0.0023,0.0037,0.0027,0.0047,0.0052,0.0045,0.0048,0.0048,0.0049,0.0045,0.0033,0.0023,F,0.0023,0.0023,0.0042,0.0045,0.0008,0.0023,0.0023,0.0023,F,F,0.0027,0.0027,0.0009,0.0023,0.0034,0.0009,0.0009,0.0023,0.0009,F,F,F,0.0009,0.0009,0.0027,0.0037,0.0039,0.0029
MOD17A2H.A2013265.h12v02.006.2015268132812.Gpp_500m,MOD17A2H,A2013265,Lat66.02328333Lon-137.2492667Samp13Line13,2015268132812,Gpp_500m,0.0007,0.0007,0.0007,0.0005,0.0007,0.0007,0.0007,0.0007,0.0007,0.0007,0.0007,0.0007,0.0007,0.0007,0.0007,0.0007,0.0011,0.0011,0.0011,0.0007,0.0007,0.0007,0.0007,0.0007,0.0007,0.001,0.0007,0.0007,0.001,0.0007,0.0007,0.0007,0.0007,0.001,0.0007,0.001,0.0007,0.0005,0.0005,0.001,0.001,0.0007,0.0007,0.0007,0.001,0.0005,0.0005,0.0007,0.0007,0.0007,0.001,0.001,0.0007,0.001,0.001,0.001,0.0005,0.0011,0.0007,0.001,0.0009,0.0009,0.0009,0.0009,0.0009,0.001,0.0011,0.0011,0.0011,0.001,0.0007,0.0009,0.0007,0.0005,0.0005,0.0005,0.0009,0.001,0.0011,0.0011,0.0007,0.0007,0.0007,0.0007,0.0005,0.0009,0.0005,0.0005,0.0006,0.0009,0.0007,0.0007,0.0007,0.0007,0.0007,0.0005,0.0005,0.0009,0.0005,0.0006,0.0006,0.0007,0.0006,0.0006,0.0007,0.0007,0.0005,0.0009,0.0005,0.0006,0.0006,0.001,0.0007,0.0007,0.0006,0.0006,0.0006,0.0005,0.0005,0.0005,0.0006,0.0006,0.0006,0.001,0.0006,0.0006,0.0006,0.0006,0.0006,0.0006,0.0005,0.0006,0.0006,0.0006,0.0009,0.0009,0.0007,0.0007,0.0007,0.0007,0.0007,0.0006,0.0006,0.0006,0.0006,0.0006,0.0006,0.0006,0.0006,0.0006,0.0006,0.0007,0.0006,0.0006,0.0006,0.0007,0.0006,0.0006,0.0006,0.0006,0.0006,0.0006,0.0007,0.0006,0.0006,0.0006,0.0007,0.0007,0.0007
MOD17A2H.A2013273.h12v02.006.2015269135121.Gpp_500m,MOD17A2H,A2013273,Lat66.02328333Lon-137.2492667Samp13Line13,2015269135121,Gpp_500m,0.0024,0.0025,0.0019,0.0009,0.0007,0.0009,0.0012,0.0012,0.0018,0.0012,0.0014,0.0008,0.0009,0.001,0.001,0.0007,0.0012,0.0007,0.0019,0.0014,0.0018,0.0018,0.001,0.0009,0.0009,0.0004,0.001,0.0009,0.0018,0.0019,0.0014,0.0014,0.0013,0.0009,0.0009,F,F,0.0003,F,0.0019,0.0019,0.0018,0.0009,0.0012,0.0009,F,F,0.0002,F,0.0003,F,F,0.0012,0.0012,0.0012,0.0009,0.0002,F,0.0002,F,0.001,0.001,F,0.001,0.001,0.001,0.0008,0.0008,F,F,F,0.0002,0.0009,0.0013,0.0018,0.0014,0.0018,0.001,0.0003,0.001,0.001,0.0003,0.0002,0.0009,0.0012,0.0009,0.001,0.0018,0.0018,0.0019,0.0019,0.0007,0.0002,0.0002,0.0012,0.0012,0.0014,0.001,0.0014,0.0023,0.0022,0.0019,0.0014,0.0017,0.0002,0.0009,0.0007,0.0014,0.0017,0.0017,0.0019,0.0022,0.0014,0.0009,0.0009,0.0007,0.0009,0.0007,0.0009,0.0014,0.0018,0.0019,0.0024,0.0019,0.0013,0.0009,0.0009,0.0009,0.0032,0.0032,0.0012,0.001,0.0019,0.0018,0.0014,0.0009,0.0009,0.0009,0.0003,0.0032,0.0032,0.0007,0.0007,0.001,0.0009,0.0009,0.0009,0.0009,0.0009,0.0009,0.0032,0.0007,0.0003,0.0003,0.0007,0.0007,0.0009,0.0009,0.0007,0.0009,0.0009,0.0009,0.0005,0.0003,0.0003,0.0003,0.0005,0.0005,0.0007
MOD17A2H.A2013281.h12v02.006.2015270015647.Gpp_500m,MOD17A2H,A2013281,Lat66.02328333Lon-137.2492667Samp13Line13,2015270015647,Gpp_500m,F,F,F,F,F,F,F,F,F,F,F,F,F,F,F,F,F,F,F,F,F,F,F,F,F,F,F,F,F,F,F,F,F,F,F,F,F,F,F,F,F,F,F,F,F,F,F,F,F,F,F,F,F,F,F,F,F,F,F,F,F,F,F,F,F,F,F,F,F,F,F,F,F,F,F,F,F,F,F,F,F,F,F,F,F,F,F,F,F,F,F,F,F,F,F,F,F,F,F,F,F,F,F,F,F,F,F,F,F,F,F,F,F,F,F,F,F,F,F,F,F,F,F,F,F,F,F,F,F,F,F,F,F,F,F,F,F,F,F,F,F,F,F,F,F,F,F,F,F,F,F,F,F,F,F,F,F,F,F,F,F,F,F,F,F,F,F,F,F
MOD17A2H.A2013289.h12v02.006.2015270031205.Gpp_500m,MOD17A2H,A2013289,Lat66.02328333Lon-137.2492667Samp13Line13,2015270031205,Gpp_500m,F,F,F,F,F,F,F,F,F,F,F,F,F,F,F,F,F,F,F,F,F,F,F,F,F,F,F,F,F,F,F,F,F,F,F,F,F,F,F,F,F,F,F,F,F,F,F,F,F,F,F,F,F,F,F,F,F,F,F,F,F,F,F,F,F,F,F,F,F,F,F,F,F,F,F,F,F,F,F,F,F,F,F,F,F,F,F,F,F,F,F,F,F,F,F,F,F,F,F,F,F,F,F,F,F,F,F,F,F,F,F,F,F,F,F,F,F,F,F,F,F,F,F,F,F,F,F,F,F,F,F,F,F,F,F,F,F,F,F,F,F,F,F,F,F,F,F,F,F,F,F,F,F,F,F,F,F,F,F,F,F,F,F,F,F,F,F,F,F
MOD17A2H.A2013297.h12v02.006.2015270041516.Gpp_500m,MOD17A2H,A2013297,Lat66.02328333Lon-137.2492667Samp13Line13,2015270041516,Gpp_500m,F,F,F,F,F,F,F,F,F,F,F,F,F,F,F,F,F,F,F,F,F,F,F,F,F,F,F,F,F,F,F,F,F,F,F,F,F,F,F,F,F,F,F,F,F,F,F,F,F,F,F,F,F,F,F,F,F,F,F,F,F,F,F,F,F,F,F,F,F,F,F,F,F,F,F,F,F,F,F,F,F,F,F,F,F,F,F,F,F,F,F,F,F,F,F,F,F,F,F,F,F,F,F,F,F,F,F,F,F,F,F,F,F,F,F,F,F,F,F,F,F,F,F,F,F,F,F,F,F,F,F,F,F,F,F,F,F,F,F,F,F,F,F,F,F,F,F,F,F,F,F,F,F,F,F,F,F,F,F,F,F,F,F,F,F,F,F,F,F
MOD17A2H.A2013305.h12v02.006.2015270050416.Gpp_500m,MOD17A2H,A2013305,Lat66.02328333Lon-137.2492667Samp13Line13,2015270050416,Gpp_500m,F,F,F,F,F,F,F,F,F,F,F,F,F,F,F,F,F,F,F,F,F,F,F,F,F,F,F,F,F,F,F,F,F,F,F,F,F,F,F,F,F,F,F,F,F,F,F,F,F,F,F,F,F,F,F,F,F,F,F,F,F,F,F,F,F,F,F,F,F,F,F,F,F,F,F,F,F,F,F,F,F,F,F,F,F,F,F,F,F,F,F,F,F,F,F,F,F,F,F,F,F,F,F,F,F,F,F,F,F,F,F,F,F,F,F,F,F,F,F,F,F,F,F,F,F,F,F,F,F,F,F,F,F,F,F,F,F,F,F,F,F,F,F,F,F,F,F,F,F,F,F,F,F,F,F,F,F,F,F,F,F,F,F,F,F,F,F,F,F
MOD17A2H.A2013313.h12v02.006.2015271023718.Gpp_500m,MOD17A2H,A2013313,Lat66.02328333Lon-137.2492667Samp13Line13,2015271023718,Gpp_500m,F,F,F,F,F,F,F,F,F,F,F,F,F,F,F,F,F,F,F,F,F,F,F,F,F,F,F,F,F,F,F,F,F,F,F,F,F,F,F,F,F,F,F,F,F,F,F,F,F,F,F,F,F,F,F,F,F,F,F,F,F,F,F,F,F,F,F,F,F,F,F,F,F,F,F,F,F,F,F,F,F,F,F,F,F,F,F,F,F,F,F,F,F,F,F,F,F,F,F,F,F,F,F,F,F,F,F,F,F,F,F,F,F,F,F,F,F,F,F,F,F,F,F,F,F,F,F,F,F,F,F,F,F,F,F,F,F,F,F,F,F,F,F,F,F,F,F,F,F,F,F,F,F,F,F,F,F,F,F,F,F,F,F,F,F,F,F,F,F
MOD17A2H.A2013321.h12v02.006.2015271141839.Gpp_500m,MOD17A2H,A2013321,Lat66.02328333Lon-137.2492667Samp13Line13,2015271141839,Gpp_500m,F,F,F,F,F,F,F,F,F,F,F,F,F,F,F,F,F,F,F,F,F,F,F,F,F,F,F,F,F,F,F,F,F,F,F,F,F,F,F,F,F,F,F,F,F,F,F,F,F,F,F,F,F,F,F,F,F,F,F,F,F,F,F,F,F,F,F,F,F,F,F,F,F,F,F,F,F,F,F,F,F,F,F,F,F,F,F,F,F,F,F,F,F,F,F,F,F,F,F,F,F,F,F,F,F,F,F,F,F,F,F,F,F,F,F,F,F,F,F,F,F,F,F,F,F,F,F,F,F,F,F,F,F,F,F,F,F,F,F,F,F,F,F,F,F,F,F,F,F,F,F,F,F,F,F,F,F,F,F,F,F,F,F,F,F,F,F,F,F
MOD17A2H.A2013329.h12v02.006.2015271155213.Gpp_500m,MOD17A2H,A2013329,Lat66.02328333Lon-137.2492667Samp13Line13,2015271155213,Gpp_500m,F,F,F,F,F,F,F,F,F,F,F,F,F,F,F,F,F,F,F,F,F,F,F,F,F,F,F,F,F,F,F,F,F,F,F,F,F,F,F,F,F,F,F,F,F,F,F,F,F,F,F,F,F,F,F,F,F,F,F,F,F,F,F,F,F,F,F,F,F,F,F,F,F,F,F,F,F,F,F,F,F,F,F,F,F,F,F,F,F,F,F,F,F,F,F,F,F,F,F,F,F,F,F,F,F,F,F,F,F,F,F,F,F,F,F,F,F,F,F,F,F,F,F,F,F,F,F,F,F,F,F,F,F,F,F,F,F,F,F,F,F,F,F,F,F,F,F,F,F,F,F,F,F,F,F,F,F,F,F,F,F,F,F,F,F,F,F,F,F
MOD17A2H.A2013337.h12v02.006.2015271164808.Gpp_500m,MOD17A2H,A2013337,Lat66.02328333Lon-137.2492667Samp13Line13,2015271164808,Gpp_500m,F,F,F,F,F,F,F,F,F,F,F,F,F,F,F,F,F,F,F,F,F,F,F,F,F,F,F,F,F,F,F,F,F,F,F,F,F,F,F,F,F,F,F,F,F,F,F,F,F,F,F,F,F,F,F,F,F,F,F,F,F,F,F,F,F,F,F,F,F,F,F,F,F,F,F,F,F,F,F,F,F,F,F,F,F,F,F,F,F,F,F,F,F,F,F,F,F,F,F,F,F,F,F,F,F,F,F,F,F,F,F,F,F,F,F,F,F,F,F,F,F,F,F,F,F,F,F,F,F,F,F,F,F,F,F,F,F,F,F,F,F,F,F,F,F,F,F,F,F,F,F,F,F,F,F,F,F,F,F,F,F,F,F,F,F,F,F,F,F
MOD17A2H.A2013345.h12v02.006.2015271184854.Gpp_500m,MOD17A2H,A2013345,Lat66.02328333Lon-137.2492667Samp13Line13,2015271184854,Gpp_500m,F,F,F,F,F,F,F,F,F,F,F,F,F,F,F,F,F,F,F,F,F,F,F,F,F,F,F,F,F,F,F,F,F,F,F,F,F,F,F,F,F,F,F,F,F,F,F,F,F,F,F,F,F,F,F,F,F,F,F,F,F,F,F,F,F,F,F,F,F,F,F,F,F,F,F,F,F,F,F,F,F,F,F,F,F,F,F,F,F,F,F,F,F,F,F,F,F,F,F,F,F,F,F,F,F,F,F,F,F,F,F,F,F,F,F,F,F,F,F,F,F,F,F,F,F,F,F,F,F,F,F,F,F,F,F,F,F,F,F,F,F,F,F,F,F,F,F,F,F,F,F,F,F,F,F,F,F,F,F,F,F,F,F,F,F,F,F,F,F
MOD17A2H.A2013353.h12v02.006.2015272002838.Gpp_500m,MOD17A2H,A2013353,Lat66.02328333Lon-137.2492667Samp13Line13,2015272002838,Gpp_500m,F,F,F,F,F,F,F,F,F,F,F,F,F,F,F,F,F,F,F,F,F,F,F,F,F,F,F,F,F,F,F,F,F,F,F,F,F,F,F,F,F,F,F,F,F,F,F,F,F,F,F,F,F,F,F,F,F,F,F,F,F,F,F,F,F,F,F,F,F,F,F,F,F,F,F,F,F,F,F,F,F,F,F,F,F,F,F,F,F,F,F,F,F,F,F,F,F,F,F,F,F,F,F,F,F,F,F,F,F,F,F,F,F,F,F,F,F,F,F,F,F,F,F,F,F,F,F,F,F,F,F,F,F,F,F,F,F,F,F,F,F,F,F,F,F,F,F,F,F,F,F,F,F,F,F,F,F,F,F,F,F,F,F,F,F,F,F,F,F
MOD17A2H.A2013361.h12v02.006.2015272080558.Gpp_500m,MOD17A2H,A2013361,Lat66.02328333Lon-137.2492667Samp13Line13,2015272080558,Gpp_500m,F,F,F,F,F,F,F,F,F,F,F,F,F,F,F,F,F,F,F,F,F,F,F,F,F,F,F,F,F,F,F,F,F,F,F,F,F,F,F,F,F,F,F,F,F,F,F,F,F,F,F,F,F,F,F,F,F,F,F,F,F,F,F,F,F,F,F,F,F,F,F,F,F,F,F,F,F,F,F,F,F,F,F,F,F,F,F,F,F,F,F,F,F,F,F,F,F,F,F,F,F,F,F,F,F,F,F,F,F,F,F,F,F,F,F,F,F,F,F,F,F,F,F,F,F,F,F,F,F,F,F,F,F,F,F,F,F,F,F,F,F,F,F,F,F,F,F,F,F,F,F,F,F,F,F,F,F,F,F,F,F,F,F,F,F,F,F,F,F
MOD17A2H.A2014001.h12v02.006.2015272093322.Gpp_500m,MOD17A2H,A2014001,Lat66.02328333Lon-137.2492667Samp13Line13,2015272093322,Gpp_500m,F,F,F,F,F,F,F,F,F,F,F,F,F,F,F,F,F,F,F,F,F,F,F,F,F,F,F,F,F,F,F,F,F,F,F,F,F,F,F,F,F,F,F,F,F,F,F,F,F,F,F,F,F,F,F,F,F,F,F,F,F,F,F,F,F,F,F,F,F,F,F,F,F,F,F,F,F,F,F,F,F,F,F,F,F,F,F,F,F,F,F,F,F,F,F,F,F,F,F,F,F,F,F,F,F,F,F,F,F,F,F,F,F,F,F,F,F,F,F,F,F,F,F,F,F,F,F,F,F,F,F,F,F,F,F,F,F,F,F,F,F,F,F,F,F,F,F,F,F,F,F,F,F,F,F,F,F,F,F,F,F,F,F,F,F,F,F,F,F
MOD17A2H.A2014009.h12v02.006.2015272104224.Gpp_500m,MOD17A2H,A2014009,Lat66.02328333Lon-137.2492667Samp13Line13,2015272104224,Gpp_500m,F,F,F,F,F,F,F,F,F,F,F,F,F,F,F,F,F,F,F,F,F,F,F,F,F,F,F,F,F,F,F,F,F,F,F,F,F,F,F,F,F,F,F,F,F,F,F,F,F,F,F,F,F,F,F,F,F,F,F,F,F,F,F,F,F,F,F,F,F,F,F,F,F,F,F,F,F,F,F,F,F,F,F,F,F,F,F,F,F,F,F,F,F,F,F,F,F,F,F,F,F,F,F,F,F,F,F,F,F,F,F,F,F,F,F,F,F,F,F,F,F,F,F,F,F,F,F,F,F,F,F,F,F,F,F,F,F,F,F,F,F,F,F,F,F,F,F,F,F,F,F,F,F,F,F,F,F,F,F,F,F,F,F,F,F,F,F,F,F
MOD17A2H.A2014017.h12v02.006.2015272105607.Gpp_500m,MOD17A2H,A2014017,Lat66.02328333Lon-137.2492667Samp13Line13,2015272105607,Gpp_500m,F,F,F,F,F,F,F,F,F,F,F,F,F,F,F,F,F,F,F,F,F,F,F,F,F,F,F,F,F,F,F,F,F,F,F,F,F,F,F,F,F,F,F,F,F,F,F,F,F,F,F,F,F,F,F,F,F,F,F,F,F,F,F,F,F,F,F,F,F,F,F,F,F,F,F,F,F,F,F,F,F,F,F,F,F,F,F,F,F,F,F,F,F,F,F,F,F,F,F,F,F,F,F,F,F,F,F,F,F,F,F,F,F,F,F,F,F,F,F,F,F,F,F,F,F,F,F,F,F,F,F,F,F,F,F,F,F,F,F,F,F,F,F,F,F,F,F,F,F,F,F,F,F,F,F,F,F,F,F,F,F,F,F,F,F,F,F,F,F
MOD17A2H.A2014025.h12v02.006.2015274061335.Gpp_500m,MOD17A2H,A2014025,Lat66.02328333Lon-137.2492667Samp13Line13,2015274061335,Gpp_500m,F,F,F,F,F,F,F,F,F,F,F,F,F,F,F,F,F,F,F,F,F,F,F,F,F,F,F,F,F,F,F,F,F,F,F,F,F,F,F,F,F,F,F,F,F,F,F,F,F,F,F,F,F,F,F,F,F,F,F,F,F,F,F,F,F,F,F,F,F,F,F,F,F,F,F,F,F,F,F,F,F,F,F,F,F,F,F,F,F,F,F,F,F,F,F,F,F,F,F,F,F,F,F,F,F,F,F,F,F,F,F,F,F,F,F,F,F,F,F,F,F,F,F,F,F,F,F,F,F,F,F,F,F,F,F,F,F,F,F,F,F,F,F,F,F,F,F,F,F,F,F,F,F,F,F,F,F,F,F,F,F,F,F,F,F,F,F,F,F
MOD17A2H.A2014033.h12v02.006.2015275033617.Gpp_500m,MOD17A2H,A2014033,Lat66.02328333Lon-137.2492667Samp13Line13,2015275033617,Gpp_500m,F,F,F,F,F,F,F,F,F,F,F,F,F,F,F,F,F,F,F,F,F,F,F,F,F,F,F,F,F,F,F,F,F,F,F,F,F,F,F,F,F,F,F,F,F,F,F,F,F,F,F,F,F,F,F,F,F,F,F,F,F,F,F,F,F,F,F,F,F,F,F,F,F,F,F,F,F,F,F,F,F,F,F,F,F,F,F,F,F,F,F,F,F,F,F,F,F,F,F,F,F,F,F,F,F,F,F,F,F,F,F,F,F,F,F,F,F,F,F,F,F,F,F,F,F,F,F,F,F,F,F,F,F,F,F,F,F,F,F,F,F,F,F,F,F,F,F,F,F,F,F,F,F,F,F,F,F,F,F,F,F,F,F,F,F,F,F,F,F
MOD17A2H.A2014041.h12v02.006.2015275041453.Gpp_500m,MOD17A2H,A2014041,Lat66.02328333Lon-137.2492667Samp13Line13,2015275041453,Gpp_500m,F,F,F,F,F,F,F,F,F,F,F,F,F,F,F,F,F,F,F,F,F,F,F,F,F,F,F,F,F,F,F,F,F,F,F,F,F,F,F,F,F,F,F,F,F,F,F,F,F,F,F,F,F,F,F,F,F,F,F,F,F,F,F,F,F,F,F,F,F,F,F,F,F,F,F,F,F,F,F,F,F,F,F,F,F,F,F,F,F,F,F,F,F,F,F,F,F,F,F,F,F,F,F,F,F,F,F,F,F,F,F,F,F,F,F,F,F,F,F,F,F,F,F,F,F,F,F,F,F,F,F,F,F,F,F,F,F,F,F,F,F,F,F,F,F,F,F,F,F,F,F,F,F,F,F,F,F,F,F,F,F,F,F,F,F,F,F,F,F
MOD17A2H.A2014049.h12v02.006.2015275044212.Gpp_500m,MOD17A2H,A2014049,Lat66.02328333Lon-137.2492667Samp13Line13,2015275044212,Gpp_500m,F,F,F,F,F,F,F,F,F,F,F,F,F,F,F,F,F,F,F,F,F,F,F,F,F,F,F,F,F,F,F,F,F,F,F,F,F,F,F,F,F,F,F,F,F,F,F,F,F,F,F,F,F,F,F,F,F,F,F,F,F,F,F,F,F,F,F,F,F,F,F,F,F,F,F,F,F,F,F,F,F,F,F,F,F,F,F,F,F,F,F,F,F,F,F,F,F,F,F,F,F,F,F,F,F,F,F,F,F,F,F,F,F,F,F,F,F,F,F,F,F,F,F,F,F,F,F,F,F,F,F,F,F,F,F,F,F,F,F,F,F,F,F,F,F,F,F,F,F,F,F,F,F,F,F,F,F,F,F,F,F,F,F,F,F,F,F,F,F
MOD17A2H.A2014057.h12v02.006.2015275050355.Gpp_500m,MOD17A2H,A2014057,Lat66.02328333Lon-137.2492667Samp13Line13,2015275050355,Gpp_500m,F,F,F,F,F,F,F,F,F,F,F,F,F,F,F,F,F,F,F,F,F,F,F,F,F,F,F,F,F,F,F,F,F,F,F,F,F,F,F,F,F,F,F,F,F,F,F,F,F,F,F,F,F,F,F,F,F,F,F,F,F,F,F,F,F,F,F,F,F,F,F,F,F,F,F,F,F,F,F,F,F,F,F,F,F,F,F,F,F,F,F,F,F,F,F,F,F,F,F,F,F,F,F,F,F,F,F,F,F,F,F,F,F,F,F,F,F,F,F,F,F,F,F,F,F,F,F,F,F,F,F,F,F,F,F,F,F,F,F,F,F,F,F,F,F,F,F,F,F,F,F,F,F,F,F,F,F,F,F,F,F,F,F,F,F,F,F,F,F
MOD17A2H.A2014065.h12v02.006.2015276055743.Gpp_500m,MOD17A2H,A2014065,Lat66.02328333Lon-137.2492667Samp13Line13,2015276055743,Gpp_500m,F,F,F,F,F,F,F,F,F,F,F,F,F,F,F,F,F,0,0,F,F,F,F,F,F,F,F,F,F,F,F,F,F,F,F,F,F,F,F,F,F,F,F,F,F,F,F,F,F,F,F,F,F,F,F,F,F,F,F,F,F,F,F,F,F,F,F,F,F,F,F,F,F,F,F,F,F,F,F,F,F,F,F,F,F,F,F,F,F,F,F,F,F,F,F,F,F,F,F,F,F,F,F,F,F,F,F,F,F,F,F,F,F,F,F,F,F,F,F,F,F,F,F,F,F,F,F,F,F,F,F,F,F,F,F,F,F,F,F,F,F,F,F,F,F,F,F,F,F,F,F,F,F,F,F,F,F,F,F,F,F,F,F,F,F,F,F,F,F
MOD17A2H.A2014073.h12v02.006.2015276235844.Gpp_500m,MOD17A2H,A2014073,Lat66.02328333Lon-137.2492667Samp13Line13,2015276235844,Gpp_500m,F,F,F,F,F,F,F,F,F,F,F,F,F,F,F,F,F,F,0,F,F,F,F,F,F,F,F,F,F,F,F,F,F,F,F,F,F,F,F,F,F,F,F,F,F,F,F,F,F,F,F,F,F,F,F,F,F,F,F,F,F,F,F,F,F,F,F,F,F,F,F,F,F,F,F,F,F,F,F,F,F,F,F,F,F,F,F,F,F,F,F,F,F,F,F,F,F,F,F,F,F,F,F,F,F,F,F,F,F,F,F,F,F,F,F,F,F,F,F,F,F,F,F,F,F,F,F,F,F,F,F,F,F,F,F,F,F,F,F,F,F,F,F,F,F,F,F,F,F,F,F,F,F,F,F,F,F,F,F,F,F,F,F,F,F,F,F,F,F
MOD17A2H.A2014081.h12v02.006.2015277025355.Gpp_500m,MOD17A2H,A2014081,Lat66.02328333Lon-137.2492667Samp13Line13,2015277025355,Gpp_500m,F,F,F,F,F,F,F,F,F,F,F,F,F,F,F,F,F,F,0,F,F,F,F,F,F,F,F,F,F,F,F,F,F,F,F,F,F,F,F,F,F,F,F,F,F,F,F,F,F,F,F,F,F,F,F,F,F,F,F,F,F,F,F,F,F,F,F,F,F,F,F,F,F,F,F,F,F,F,F,F,F,F,F,F,F,F,F,F,F,F,F,F,F,F,F,F,F,F,F,F,F,F,F,F,F,F,F,F,F,F,F,F,F,F,F,F,F,F,F,F,F,F,F,F,F,F,F,F,F,F,F,F,F,F,F,F,F,F,F,F,F,F,F,F,F,F,F,F,F,F,F,F,F,F,F,F,F,F,F,F,F,F,F,F,F,F,F,F,F
MOD17A2H.A2014089.h12v02.006.2015277032808.Gpp_500m,MOD17A2H,A2014089,Lat66.02328333Lon-137.2492667Samp13Line13,2015277032808,Gpp_500m,F,F,F,F,F,F,F,F,F,F,F,F,F,F,F,F,F,F,F,F,F,F,F,F,F,F,F,F,F,F,F,F,F,F,F,F,F,F,F,F,F,F,F,F,F,F,F,F,F,F,F,F,F,F,F,F,F,F,F,F,F,F,F,F,F,F,F,F,F,F,F,F,F,F,F,F,F,F,F,F,F,F,F,F,F,F,F,F,F,F,F,F,F,F,F,F,F,F,F,F,F,F,F,F,F,F,F,F,F,F,F,F,F,F,F,F,F,F,F,F,F,F,F,F,F,F,F,F,F,F,F,F,F,F,F,F,F,F,F,F,F,F,F,F,F,F,F,F,F,F,F,F,F,F,F,F,F,F,F,F,F,F,F,F,F,F,F,F,F
MOD17A2H.A2014097.h12v02.006.2015277035956.Gpp_500m,MOD17A2H,A2014097,Lat66.02328333Lon-137.2492667Samp13Line13,2015277035956,Gpp_500m,F,F,F,F,F,F,F,F,F,F,F,F,F,F,F,F,F,F,F,F,F,F,F,F,F,F,F,F,F,F,F,F,F,F,F,F,F,F,F,F,F,F,F,F,F,F,F,F,F,F,F,F,F,F,F,F,F,F,F,F,F,F,F,F,F,F,F,F,F,F,F,F,F,F,F,F,F,F,F,F,F,F,F,F,F,F,F,F,F,F,F,F,F,F,F,F,F,F,F,F,F,F,F,F,F,F,F,F,F,F,F,F,F,F,F,F,F,F,F,F,F,F,F,F,F,F,F,F,F,F,F,F,F,F,F,F,F,F,F,F,F,F,F,F,F,F,F,F,F,F,F,F,F,F,F,F,F,F,F,F,F,F,F,F,F,F,F,F,F
MOD17A2H.A2014105.h12v02.006.2015279070847.Gpp_500m,MOD17A2H,A2014105,Lat66.02328333Lon-137.2492667Samp13Line13,2015279070847,Gpp_500m,F,F,F,F,F,F,F,F,F,F,F,F,F,F,F,F,F,F,F,F,F,F,F,F,F,F,F,F,F,F,F,F,F,F,F,F,F,F,F,F,F,F,F,F,F,F,F,F,F,F,F,F,F,F,F,F,F,F,F,F,F,F,F,F,F,F,F,F,F,F,F,F,F,F,F,F,F,F,F,F,F,F,F,F,F,F,F,F,F,F,F,F,F,F,F,F,F,F,F,F,F,F,F,F,F,F,F,F,F,F,F,F,F,F,F,F,F,F,F,F,F,F,F,F,F,F,F,F,F,F,F,F,F,F,F,F,F,F,F,F,F,F,F,F,F,F,F,F,F,F,F,F,F,F,F,F,F,F,F,F,F,F,F,F,F,F,F,F,F
MOD17A2H.A2014113.h12v02.006.2015279201101.Gpp_500m,MOD17A2H,A2014113,Lat66.02328333Lon-137.2492667Samp13Line13,2015279201101,Gpp_500m,F,F,F,F,F,F,F,F,F,F,F,F,F,F,F,F,F,F,F,F,F,F,F,F,F,F,F,F,F,F,F,F,F,F,F,F,F,F,F,F,F,F,F,F,F,F,F,F,F,F,F,F,F,F,F,F,F,F,F,F,F,F,F,F,F,F,F,F,F,F,F,F,F,F,F,F,F,F,F,F,F,F,F,F,F,F,F,F,F,F,F,F,F,F,F,F,F,F,F,F,F,F,F,F,F,F,F,F,F,F,F,F,F,F,F,F,F,F,F,F,F,F,F,F,F,F,F,F,F,F,F,F,F,F,F,F,F,F,F,F,F,F,F,F,F,F,F,F,F,F,F,F,F,F,F,F,F,F,F,F,F,F,F,F,F,F,F,F,F
MOD17A2H.A2014121.h12v02.006.2015281135705.Gpp_500m,MOD17A2H,A2014121,Lat66.02328333Lon-137.2492667Samp13Line13,2015281135705,Gpp_500m,0.0112,0.0112,0.0109,0.0091,0.0102,0.0075,0.0082,0.0059,0.0082,0.0082,0.0072,0.0112,0.0082,0.0098,0.0088,0.0075,0.0097,0.0081,0.0075,0.0059,0.0059,0.0076,0.0097,0.0145,0.0139,0.0134,0.0089,0.0059,0.0082,0.0072,0.0088,0.0088,0.0076,0.0119,0.0145,0.0145,0.0141,0.0126,0.0112,0.0097,0.011,0.0097,0.0097,0.011,0.011,0.0141,0.0135,0.0121,0.0126,0.0126,0.0089,0.0086,0.0082,0.0112,0.0107,0.0145,0.0145,0.0148,0.0121,0.0114,0.0114,0.013,0.0122,0.0082,0.0082,0.0107,0.0145,0.0148,0.0148,0.0141,0.0139,0.0126,0.0114,0.0122,0.0112,0.0089,0.011,0.0095,0.0148,0.0141,0.012,0.0121,0.0114,0.0114,0.0126,0.0126,0.0125,0.011,0.011,0.011,0.0095,0.0126,0.0121,0.0114,0.0121,0.0126,0.0136,0.0125,0.0114,0.011,0.01,0.01,0.0077,0.0077,0.0114,0.0114,0.01,0.0136,0.0125,0.011,0.011,0.0107,0.0115,0.0115,0.0086,0.0082,0.008,0.01,0.0114,0.0108,0.011,0.0093,0.011,0.012,0.0115,0.0108,0.0093,0.0082,0.008,0.0098,0.01,0.01,0.0093,0.0098,0.0112,0.012,0.0115,0.0093,0.0093,0.0098,0.0098,0.0098,0.0081,0.008,0.008,0.008,0.0082,0.0089,0.0074,0.0086,0.0086,0.0098,0.0081,0.0081,0.0081,0.0081,0.0075,0.0074,0.0077,0.008,0.0077,0.0086,0.0089,0.0082,0.0081,0.0081,0.0067,0.0067,0.0062
MOD17A2H.A2014129.h12v02.006.2015281153121.Gpp_500m,MOD17A2H,A2014129,Lat66.02328333Lon-137.2492667Samp13Line13,2015281153121,Gpp_500m,0.0134,0.0134,0.0141,0.0137,0.0105,0.0115,0.0112,0.01,0.0165,0.0134,0.012,0.0137,0.0134,0.0126,0.0122,0.0115,0.0142,0.0145,0.0149,0.012,0.0134,0.012,0.012,0.0134,0.0155,0.0133,0.0122,0.0122,0.0112,0.0122,0.0122,0.0134,0.0144,0.0157,0.0144,0.0155,0.0141,0.0137,0.0141,0.0129,0.0122,0.0134,0.0134,0.0147,0.0144,0.0144,0.0134,0.0137,0.0141,0.0134,0.0145,0.0147,0.0134,0.0137,0.0137,0.0134,0.0134,0.0134,0.0145,0.0141,0.0145,0.0137,0.0134,0.0137,0.0125,0.0144,0.0134,0.0144,0.0145,0.0126,0.0145,0.0137,0.0129,0.0134,0.0125,0.0125,0.0128,0.0145,0.0129,0.0115,0.0126,0.0126,0.0126,0.0129,0.0128,0.0133,0.014,0.0123,0.0136,0.0128,0.0136,0.0126,0.0122,0.0122,0.0137,0.0137,0.0145,0.014,0.0137,0.0136,0.0128,0.0136,0.0128,0.0133,0.0126,0.0126,0.0128,0.0145,0.0162,0.0145,0.0133,0.0136,0.0145,0.0136,0.0123,0.0123,0.0137,0.0119,0.0128,0.0133,0.0133,0.0133,0.0133,0.0145,0.0136,0.0136,0.0125,0.0152,0.0152,0.014,0.0123,0.0133,0.0115,0.0115,0.0128,0.0145,0.0133,0.0133,0.0137,0.0145,0.014,0.0137,0.0115,0.0123,0.0115,0.0136,0.0123,0.0115,0.0097,0.0115,0.0123,0.0133,0.0133,0.0129,0.0097,0.0115,0.0125,0.0111,0.0136,0.0111,0.0111,0.0154,0.0133,0.0133,0.0129,0.0126,0.0115,0.0126,0.0153
MOD17A2H.A2014137.h12v02.006.2015281155059.Gpp_500m,MOD17A2H,A2014137,Lat66.02328333Lon-137.2492667Samp13Line13,2015281155059,Gpp_500m,0.0051,0.0051,0.0029,0.0022,F,F,F,F,F,F,F,0.0014,0.0014,0.0049,0.0014,F,F,F,F,F,0.0022,0.0022,0.0025,0.0014,0.0014,0.0014,F,F,F,F,F,0.0014,0.0025,0.0025,0.0014,0.0014,0.0021,0.0025,0.0035,F,F,F,0.0014,0.0025,0.0025,0.0014,0.0022,0.0069,0.0069,0.005,0.0025,0.0021,0.0014,0.0014,0.0022,0.0022,0.0022,0.0022,0.0055,0.0036,0.0025,0.0025,0.0025,0.0046,0.0064,0.0014,0.0014,0.0052,0.0057,0.0025,0.0024,0.0025,0.0069,0.005,0.0081,0.0081,0.0081,0.0025,0.0057,0.0057,0.0055,0.005,0.005,0.0069,0.0082,0.0082,0.0081,0.0049,0.0061,0.0061,0.0061,0.0055,0.005,0.005,0.005,0.0073,0.0084,0.0081,0.0057,0.0057,0.0061,0.0057,0.0035,0.004,0.0047,0.0047,0.0069,0.0084,0.0084,0.0069,0.0057,0.0057,0.0057,0.0057,0.0041,0.0049,0.0064,0.0069,0.0077,0.0082,0.0082,0.0082,0.0073,0.0057,0.0057,0.0057,0.0053,0.0061,0.0067,0.0067,0.0081,0.0084,0.0082,0.0073,0.0067,0.0067,0.0068,0.0068,0.0061,0.0067,0.0067,0.0059,0.0057,0.0085,0.0081,0.0075,0.0053,0.0068,0.0068,0.0068,0.0058,0.0051,0.0051,0.0057,0.0067,0.0067,0.0073,0.0063,0.0053,0.0043,0.0043,0.0043,0.0049,0.0051,0.0063,0.0072,0.0059,0.0059,0.0035
MOD17A2H.A2014145.h12v02.006.2015287063127.Gpp_500m,MOD17A2H,A2014145,Lat66.02328333Lon-137.2492667Samp13Line13,2015287063127,Gpp_500m,0.0319,0.0311,0.0253,0.0193,0.0277,0.0196,0.0197,0.0051,0.008,0.0116,0.0197,0.0197,0.0261,0.0225,0.0249,0.0241,0.0407,0.006,0.006,0.0174,0.0193,0.0197,0.0186,0.0221,0.0305,0.029,0.0235,0.0183,0.0225,0.0225,0.0132,0.015,0.0197,0.0202,0.0225,0.024,0.0255,0.0295,0.0207,0.0174,0.0164,0.0153,0.0141,0.0197,0.0186,0.0186,0.0258,0.0255,0.0273,0.0288,0.0259,0.025,0.0197,0.0197,0.0197,0.0225,0.0225,0.0273,0.0273,0.0284,0.0277,0.0263,0.025,0.0259,0.0254,0.0212,0.0193,0.0225,0.0295,0.0277,0.0179,0.0277,0.0263,0.0235,0.0217,0.0254,0.0222,0.0197,0.029,0.0261,0.023,0.023,0.0225,0.025,0.0254,0.0217,0.0217,0.0226,0.0194,0.0194,0.024,0.0216,0.0222,0.023,0.023,0.0212,0.0212,0.0269,0.0273,0.0206,0.0216,0.0222,0.0222,0.0226,0.0202,0.0222,0.0212,0.0287,0.032,0.0226,0.0226,0.0222,0.0222,0.0222,0.0222,0.0216,0.0189,0.0212,0.0283,0.0217,0.0226,0.024,0.0222,0.0216,0.0206,0.0222,0.0202,0.0202,0.0202,0.0198,0.0194,0.0179,0.0159,0.0179,0.0202,0.0202,0.0198,0.0214,0.0202,0.0202,0.0249,0.0246,0.0246,0.0159,0.0206,0.0194,0.0193,0.0193,0.0189,0.0189,0.0193,0.0184,0.0184,0.0214,0.0189,0.0194,0.0188,0.0189,0.0174,0.0174,0.0174,0.0184,0.0184,0.0184,0.0189,0.0189,0.0189,0.0231,0.0268
MOD17A2H.A2014153.h12v02.006.2015288231820.Gpp_500m,MOD17A2H,A2014153,Lat66.02328333Lon-137.2492667Samp13Line13,2015288231820,Gpp_500m,0.0321,0.0331,0.0338,0.0305,0.0305,0.031,0.0321,0.031,0.0333,0.031,0.0273,0.0301,0.0328,0.031,0.025,0.0283,0.0356,0.0356,0.0398,0.0273,0.0266,0.0295,0.0333,0.0328,0.0288,0.0295,0.0284,0.0284,0.0295,0.0305,0.0354,0.0316,0.0256,0.0383,0.0383,0.0393,0.0387,0.0256,0.0295,0.0305,0.0338,0.0354,0.0273,0.0306,0.0284,0.0383,0.0393,0.0387,0.0376,0.0376,0.037,0.0365,0.03,0.0295,0.0261,0.0278,0.0383,0.0398,0.0398,0.0409,0.0398,0.037,0.0365,0.0365,0.035,0.0266,0.0376,0.0376,0.0393,0.0383,0.0383,0.0398,0.0398,0.036,0.0274,0.035,0.0342,0.0338,0.0359,0.0359,0.0383,0.0383,0.0365,0.035,0.035,0.0354,0.0354,0.0267,0.0342,0.0338,0.0289,0.0376,0.035,0.035,0.0354,0.0354,0.0354,0.0354,0.0371,0.0371,0.0302,0.0322,0.0267,0.0267,0.0333,0.0354,0.0354,0.0354,0.0338,0.0302,0.0289,0.0328,0.0295,0.0295,0.0278,0.0267,0.029,0.0306,0.0285,0.0263,0.0263,0.0263,0.0278,0.0295,0.0306,0.0295,0.0289,0.0306,0.0306,0.0329,0.0285,0.0263,0.0256,0.0289,0.0295,0.0295,0.0295,0.0313,0.0313,0.0295,0.0302,0.0313,0.0322,0.0256,0.0285,0.0295,0.0302,0.0264,0.0289,0.0256,0.0285,0.0339,0.0313,0.0322,0.0322,0.0322,0.0278,0.0251,0.0264,0.0251,0.0246,0.0256,0.0339,0.0339,0.0322,0.0322,0.0328,0.0322,0.0394
MOD17A2H.A2014161.h12v02.006.2015289011150.Gpp_500m,MOD17A2H,A2014161,Lat66.02328333Lon-137.2492667Samp13Line13,2015289011150,Gpp_500m,0.0373,0.0362,0.0362,0.0358,0.0315,0.0267,0.025,0.026,0.026,0.0345,0.033,0.0367,0.0341,0.0346,0.0346,0.0315,0.0415,0.0415,0.0259,0.0309,0.0394,0.033,0.0345,0.0393,0.0387,0.0324,0.0346,0.0363,0.0324,0.0341,0.0388,0.0394,0.0394,0.0383,0.0393,0.0309,0.0324,0.0345,0.0345,0.0367,0.0377,0.033,0.0377,0.0362,0.0362,0.0362,0.0298,0.0318,0.033,0.033,0.033,0.034,0.0318,0.0318,0.0356,0.0362,0.0334,0.0309,0.0345,0.0377,0.0367,0.033,0.0324,0.0333,0.035,0.0362,0.0324,0.0376,0.0377,0.0345,0.0403,0.0377,0.0366,0.0333,0.0323,0.0333,0.0349,0.0345,0.0356,0.0356,0.033,0.0403,0.0318,0.0333,0.0333,0.0345,0.034,0.0333,0.0333,0.0333,0.0333,0.0303,0.0288,0.0309,0.0345,0.034,0.034,0.0345,0.0328,0.0333,0.0345,0.0333,0.0333,0.0334,0.034,0.0345,0.0313,0.0333,0.0286,0.0345,0.0345,0.0345,0.0355,0.0338,0.0334,0.0324,0.0313,0.0297,0.0286,0.0286,0.0333,0.0345,0.0345,0.0345,0.0317,0.0345,0.0334,0.0334,0.0359,0.0365,0.0303,0.0303,0.0324,0.0296,0.0317,0.0348,0.0345,0.0348,0.0347,0.0317,0.0345,0.0323,0.0317,0.0291,0.0313,0.0349,0.0355,0.0355,0.0337,0.0291,0.0274,0.0305,0.0313,0.0327,0.0338,0.0348,0.0333,0.0345,0.0313,0.0305,0.0284,0.0284,0.0305,0.0323,0.0313,0.0322,0.0322,0.0338,0.0338
MOD17A2H.A2014169.h12v02.006.2015289024509.Gpp_500m,MOD17A2H,A2014169,Lat66.02328333Lon-137.2492667Samp13Line13,2015289024509,Gpp_500m,0.049,0.0472,0.049,0.0452,0.0439,0.0465,0.0459,0.0518,0.0486,0.0558,0.0558,0.0445,0.0466,0.0446,0.0465,0.0424,0.0523,0.059,0.0643,0.0486,0.0445,0.0504,0.0459,0.0459,0.0452,0.0406,0.0473,0.0452,0.0452,0.0498,0.0558,0.0519,0.0504,0.0524,0.0459,0.0425,0.0406,0.0399,0.0379,0.0486,0.0504,0.0524,0.0452,0.0498,0.048,0.0459,0.0459,0.0433,0.0439,0.0439,0.0412,0.0379,0.0418,0.0424,0.0473,0.0473,0.0459,0.0486,0.0473,0.0474,0.0386,0.0412,0.0379,0.0379,0.0379,0.0486,0.0473,0.0452,0.0499,0.05,0.042,0.0406,0.0372,0.0366,0.0425,0.0399,0.0406,0.0372,0.0439,0.0473,0.0372,0.0393,0.0386,0.0372,0.0393,0.0393,0.0399,0.0406,0.0372,0.0492,0.0459,0.0439,0.0399,0.0399,0.0386,0.0386,0.0379,0.0379,0.0366,0.0386,0.048,0.0426,0.048,0.0526,0.0399,0.0386,0.0372,0.0372,0.0445,0.0446,0.0379,0.0386,0.0426,0.048,0.052,0.0487,0.0439,0.0346,0.0346,0.036,0.036,0.0433,0.0373,0.0379,0.0406,0.0439,0.048,0.0453,0.0439,0.0393,0.036,0.0354,0.0367,0.0393,0.0373,0.0379,0.0379,0.048,0.0453,0.0412,0.0439,0.042,0.048,0.0367,0.0379,0.0386,0.0379,0.0379,0.0407,0.0407,0.0399,0.042,0.042,0.0367,0.0367,0.0359,0.036,0.0359,0.0347,0.0367,0.0374,0.0439,0.0453,0.0426,0.0359,0.0333,0.0359,0.0359,0.0446
MOD17A2H.A2014177.h12v02.006.2015289044449.Gpp_500m,MOD17A2H,A2014177,Lat66.02328333Lon-137.2492667Samp13Line13,2015289044449,Gpp_500m,0.0523,0.0515,0.0515,0.0536,0.0528,0.0504,0.0562,0.0589,0.057,0.0589,0.0589,0.0542,0.0505,0.0503,0.0497,0.0483,0.0683,0.0721,0.0712,0.055,0.057,0.0542,0.0537,0.057,0.055,0.053,0.0497,0.0497,0.0497,0.055,0.0557,0.0575,0.0563,0.0563,0.0537,0.0529,0.0517,0.051,0.0531,0.0536,0.0557,0.0582,0.0542,0.0529,0.0537,0.0537,0.0504,0.0517,0.051,0.0504,0.0478,0.051,0.0483,0.0517,0.0537,0.0537,0.0505,0.0504,0.0517,0.0543,0.0537,0.0478,0.051,0.0524,0.0524,0.0522,0.049,0.0517,0.051,0.0537,0.0537,0.0537,0.051,0.0471,0.0504,0.0504,0.0517,0.051,0.0517,0.0484,0.0478,0.0537,0.0485,0.0429,0.0504,0.051,0.0504,0.051,0.051,0.0517,0.047,0.0517,0.0444,0.043,0.0463,0.0444,0.0504,0.0484,0.0504,0.0531,0.051,0.0505,0.0458,0.0471,0.0465,0.0485,0.0444,0.0477,0.0492,0.0504,0.0504,0.0517,0.0505,0.0484,0.0471,0.0471,0.0451,0.051,0.051,0.0478,0.0556,0.0563,0.0517,0.051,0.0511,0.0484,0.0583,0.0583,0.0451,0.0471,0.0545,0.0478,0.0498,0.0505,0.0491,0.0484,0.0477,0.0484,0.0477,0.0451,0.0459,0.0451,0.0472,0.0498,0.051,0.0484,0.0471,0.0471,0.0484,0.0463,0.0446,0.0459,0.0451,0.0445,0.0483,0.0538,0.0463,0.0424,0.0438,0.0463,0.0438,0.0446,0.0464,0.0438,0.0477,0.0476,0.0516,0.0538,0.0491
MOD17A2H.A2014185.h12v02.006.2015289055816.Gpp_500m,MOD17A2H,A2014185,Lat66.02328333Lon-137.2492667Samp13Line13,2015289055816,Gpp_500m,0.0453,0.0448,0.0448,0.0411,0.046,0.0405,0.049,0.049,0.049,0.0509,0.0446,0.0428,0.0423,0.0448,0.0411,0.0411,0.0537,0.052,0.052,0.041,0.047,0.0446,0.0428,0.0428,0.0451,0.0446,0.0411,0.0418,0.0418,0.0418,0.0417,0.047,0.0477,0.0477,0.0451,0.0451,0.0445,0.0568,0.0469,0.0467,0.0466,0.049,0.049,0.0443,0.0446,0.0446,0.0428,0.0428,0.0445,0.0422,0.0399,0.0422,0.0391,0.0417,0.0443,0.0428,0.0436,0.0436,0.052,0.0445,0.0422,0.0374,0.0366,0.0366,0.0465,0.0451,0.0446,0.0446,0.0446,0.0458,0.0417,0.0417,0.0313,0.0313,0.0398,0.0377,0.0384,0.0384,0.0436,0.0445,0.0354,0.0354,0.0359,0.0359,0.0354,0.0354,0.0366,0.0366,0.0342,0.0366,0.0335,0.0354,0.0343,0.0343,0.0354,0.0354,0.0299,0.0384,0.0409,0.0354,0.0366,0.0366,0.0317,0.0335,0.0338,0.0338,0.0299,0.0299,0.0366,0.0409,0.0428,0.0427,0.0329,0.0317,0.0366,0.0426,0.0488,0.0313,0.0319,0.0366,0.0416,0.0416,0.0324,0.0324,0.039,0.039,0.039,0.0415,0.0476,0.0505,0.033,0.033,0.0354,0.0353,0.0347,0.0347,0.0329,0.0398,0.039,0.0476,0.0475,0.0488,0.0493,0.0275,0.0299,0.0298,0.0298,0.0329,0.0343,0.0403,0.0397,0.0396,0.0328,0.0415,0.04,0.0323,0.0287,0.0298,0.0298,0.0329,0.0329,0.0329,0.0371,0.0371,0.0328,0.0299,0.0299,0.0279,0.0299
MOD17A2H.A2014193.h12v02.006.2015289072126.Gpp_500m,MOD17A2H,A2014193,Lat66.02328333Lon-137.2492667Samp13Line13,2015289072126,Gpp_500m,0.0539,0.0539,0.0484,0.0473,0.0504,0.0473,0.0466,0.0546,0.0573,0.0505,0.0553,0.0453,0.0546,0.0491,0.0452,0.0445,0.0601,0.0594,0.0648,0.044,0.0535,0.0447,0.048,0.0487,0.0513,0.0447,0.0439,0.0445,0.044,0.0499,0.0499,0.0535,0.052,0.0499,0.048,0.0454,0.0447,0.0454,0.044,0.0466,0.0499,0.0553,0.0447,0.0467,0.0499,0.0454,0.0427,0.0447,0.0447,0.0433,0.0455,0.0548,0.0412,0.0412,0.0453,0.0447,0.0432,0.0454,0.0432,0.0454,0.0487,0.0427,0.042,0.0487,0.056,0.0453,0.0427,0.042,0.0454,0.0447,0.0454,0.0487,0.0407,0.0407,0.0487,0.0468,0.0507,0.0507,0.0447,0.0447,0.0447,0.0455,0.042,0.0407,0.05,0.05,0.0421,0.0421,0.0386,0.0386,0.0394,0.046,0.046,0.042,0.042,0.0455,0.05,0.0421,0.038,0.0394,0.0386,0.0386,0.0382,0.0401,0.0434,0.0447,0.0455,0.0361,0.0421,0.0494,0.0386,0.0401,0.0386,0.0394,0.0401,0.0394,0.0387,0.0394,0.0361,0.0362,0.0348,0.0374,0.0368,0.0386,0.0394,0.0394,0.0394,0.0387,0.0401,0.0355,0.0447,0.0447,0.0362,0.0374,0.0386,0.0394,0.0394,0.0394,0.0394,0.0382,0.0361,0.045,0.0389,0.0447,0.0348,0.0386,0.0394,0.0374,0.0401,0.0374,0.0308,0.0308,0.0362,0.0368,0.0368,0.0402,0.0442,0.0348,0.0362,0.0361,0.0322,0.0322,0.0374,0.0416,0.0374,0.0368,0.0374,0.0374,0.0416
MOD17A2H.A2014201.h12v02.006.2015289081139.Gpp_500m,MOD17A2H,A2014201,Lat66.02328333Lon-137.2492667Samp13Line13,2015289081139,Gpp_500m,0.0159,0.0209,0.0262,0.0309,0.0246,0.0127,0.0287,0.0287,0.0282,0.0211,0.0211,0.026,0.026,0.0325,0.0298,0.0269,0.0439,0.0304,0.0293,0.0282,F,F,0.0128,0.026,0.0285,0.0313,0.0271,0.0271,0.0115,0.0128,0.0226,0.0177,0.0128,0.016,0.0233,0.0233,0.0295,0.0295,0.0274,0.007,0.0128,0.0181,0.0181,0.0266,0.0283,0.0303,0.0261,0.0261,0.0295,0.0274,0.0232,0.0232,0.0242,0.0181,0.0252,0.0302,0.0358,0.0313,0.0261,0.0252,0.0066,0.0222,0.0066,0.0071,0.0149,0.0317,0.0268,0.0358,0.0367,0.027,0.031,0.0185,0.0222,0.0132,0.0066,0.0204,0.0297,0.0326,0.0349,0.0075,0.0085,0.031,0.0185,0.0204,0.0066,0.0235,0.0333,0.0333,0.0326,0.0285,0.032,0.0225,0.0216,0.0222,0.024,0.024,0.0235,0.0271,0.0368,0.0309,0.031,0.0289,0.0293,0.0266,0.0376,0.024,0.0223,0.0265,0.0343,0.0368,0.0307,0.0285,0.0285,0.028,0.028,0.0325,0.0333,0.0288,0.0326,0.0343,0.0326,0.0297,0.0275,0.0293,0.0294,0.0325,0.0333,0.0313,0.0276,0.0285,0.0316,0.0301,0.0293,0.0285,0.0293,0.0285,0.0285,0.0333,0.0313,0.024,0.0099,0.02,0.0085,0.0293,0.0347,0.0359,0.0325,0.0285,0.0285,0.0256,0.0209,0.0125,0.0165,0.012,0.0102,0.0102,0.0307,0.0325,0.0289,0.0276,0.0281,0.0209,0.017,0.0245,0.0165,0.0102,0.0129,0.0138,0.0152
MOD17A2H.A2014209.h12v02.006.2015289085522.Gpp_500m,MOD17A2H,A2014209,Lat66.02328333Lon-137.2492667Samp13Line13,2015289085522,Gpp_500m,0.0307,0.0307,0.029,0.0307,0.0332,0.0332,0.0312,0.0311,0.0128,0.0307,0.0307,0.0306,0.0306,0.0323,0.0307,0.0301,0.0352,0.033,0.0288,0.0128,0.0191,0.0388,0.0388,0.0337,0.0334,0.0317,0.0297,0.0297,0.0274,0.0281,0.0243,0.0243,0.0317,0.0388,0.0337,0.0321,0.0325,0.0305,0.0305,0.0295,0.0281,0.0285,0.0275,0.0275,0.0309,0.0305,0.0305,0.0325,0.0313,0.0308,0.0298,0.0298,0.0285,0.0301,0.0297,0.0297,0.0317,0.0313,0.0313,0.0275,0.0308,0.0308,0.0308,0.0311,0.0307,0.0317,0.0323,0.0317,0.0317,0.0288,0.0325,0.0325,0.0321,0.0297,0.0308,0.0307,0.0288,0.0289,0.0305,0.0297,0.0235,0.0219,0.0313,0.0312,0.0288,0.0336,0.0305,0.0321,0.0321,0.0278,0.0289,0.0297,0.0189,0.0288,0.0288,0.0316,0.0321,0.0321,0.0306,0.0287,0.0278,0.0274,0.0278,0.0278,0.0291,0.0297,0.0288,0.0288,0.0296,0.0305,0.0304,0.0284,0.0283,0.0261,0.0242,0.0269,0.0245,0.0278,0.0288,0.0311,0.0311,0.0323,0.0249,0.0222,0.0222,0.0283,0.0288,0.0258,0.0306,0.0295,0.0288,0.0298,0.0323,0.0242,0.0222,0.0224,0.026,0.0288,0.0288,0.0288,0.0301,0.0273,0.026,0.027,0.0289,0.0274,0.0249,0.0258,0.0258,0.0258,0.0268,0.0268,0.0258,0.0264,0.0273,0.0276,0.0245,0.0249,0.0258,0.0274,0.0269,0.0301,0.0301,0.0273,0.0268,0.0294,0.0301,0.0297,0.0294
MOD17A2H.A2014217.h12v02.006.2015289094008.Gpp_500m,MOD17A2H,A2014217,Lat66.02328333Lon-137.2492667Samp13Line13,2015289094008,Gpp_500m,0.0256,0.0238,0.0271,0.0242,0.0215,0.02,0.0173,0.0202,0.0251,0.018,0.0186,0.0233,0.0205,0.0232,0.0242,0.0192,0.0281,0.0161,0.0252,0.0199,0.0254,0.0192,0.0202,0.0254,0.0179,0.0214,0.017,0.021,0.0218,0.0251,0.0251,0.0254,0.0244,0.0233,0.0254,0.027,0.0241,0.0195,0.0169,0.0192,0.0248,0.0192,0.0224,0.0241,0.0233,0.025,0.0188,0.0144,0.0213,0.0176,0.0206,0.0094,0.018,0.0209,0.0209,0.0205,0.0127,0.0144,0.0126,0.0144,0.0169,0.0206,0.0181,0.0098,0.0094,0.0208,0.0159,0.0165,0.0144,0.0108,0.0144,0.0169,0.0176,0.0159,0.0125,0.0052,0.0052,0.0052,0.0179,0.0159,0.0095,0.008,0.0131,0.0109,0.0125,0.0125,0.0143,0.0098,0.0084,0.0055,0.0055,0.0205,0.0079,0.0139,0.009,0.0125,0.0143,0.0149,0.0099,0.0046,0.0135,0.0142,0.0032,0.0032,0.0131,0.0176,0.0115,0.013,0.0134,0.0099,0.0177,0.0197,0.0142,0.0132,0.0032,0.0052,0.0052,0.0165,0.0109,0.0134,0.0172,0.0168,0.0197,0.0152,0.0175,0.0098,0.0089,0.012,0.0131,0.0113,0.0115,0.0171,0.0171,0.0133,0.0142,0.0115,0.0098,0.0098,0.0079,0.0131,0.0156,0.0176,0.0191,0.0171,0.0099,0.008,0.0115,0.0056,0.0098,0.0089,0.0146,0.0046,0.0176,0.0192,0.0183,0.0135,0.0068,0.0037,0.0046,0.0142,0.0098,0.0115,0.0152,0.0171,0.0183,0.0151,0.0135,0.0155,0.0166
MOD17A2H.A2014225.h12v02.006.2015289120553.Gpp_500m,MOD17A2H,A2014225,Lat66.02328333Lon-137.2492667Samp13Line13,2015289120553,Gpp_500m,0.0342,0.0315,0.0293,0.0324,0.0307,0.0293,0.0292,0.0341,0.0343,0.0341,0.0293,0.0306,0.03,0.0315,0.0293,0.0281,0.0357,0.0379,0.0369,0.0306,0.0306,0.0293,0.0293,0.0322,0.0322,0.0319,0.0275,0.0267,0.0274,0.0291,0.0327,0.0303,0.0334,0.0331,0.032,0.0303,0.0304,0.031,0.0286,0.0287,0.0257,0.0245,0.0303,0.0291,0.0291,0.0286,0.0303,0.0291,0.0304,0.0285,0.028,0.0277,0.0245,0.0303,0.0281,0.03,0.0291,0.0281,0.0298,0.0322,0.0285,0.0285,0.0284,0.0288,0.0302,0.0311,0.0291,0.0291,0.0304,0.0314,0.0322,0.0318,0.0293,0.0268,0.0284,0.0288,0.0288,0.0293,0.031,0.0286,0.0303,0.0281,0.0251,0.0274,0.0304,0.0313,0.0284,0.0284,0.0296,0.0284,0.028,0.0266,0.0265,0.0248,0.0277,0.0304,0.0296,0.0296,0.0293,0.0296,0.0293,0.0275,0.0275,0.0275,0.026,0.0277,0.0265,0.0276,0.0288,0.0296,0.0293,0.0288,0.0288,0.0275,0.0275,0.0268,0.0251,0.026,0.0251,0.0268,0.0268,0.0272,0.0272,0.0288,0.0293,0.0284,0.0272,0.0251,0.0288,0.0282,0.0251,0.0247,0.0244,0.0272,0.0275,0.0268,0.0268,0.0272,0.028,0.0271,0.0288,0.028,0.0275,0.0247,0.0255,0.0272,0.0259,0.0234,0.0272,0.0258,0.0245,0.0245,0.0254,0.0258,0.0258,0.0262,0.0255,0.0255,0.0238,0.0238,0.0238,0.0238,0.0234,0.0254,0.0258,0.0254,0.0262,0.027,0.0268
MOD17A2H.A2014233.h12v02.006.2015289220307.Gpp_500m,MOD17A2H,A2014233,Lat66.02328333Lon-137.2492667Samp13Line13,2015289220307,Gpp_500m,0.0271,0.0272,0.0298,0.0285,0.0251,0.0285,0.0271,0.0298,0.0298,0.0282,0.0282,0.0251,0.0229,0.0294,0.0248,0.0251,0.0323,0.0307,0.0255,0.0213,0.017,0.0207,0.02,0.0229,0.0255,0.0255,0.0251,0.0251,0.0213,0.0206,0.0193,0.0193,0.0127,0.0207,0.024,0.024,0.0239,0.0239,0.022,0.0255,0.0255,0.0197,0.0182,0.0127,0.0255,0.0243,0.0229,0.0229,0.0224,0.0224,0.022,0.0229,0.022,0.0154,0.0251,0.0255,0.0235,0.0264,0.0232,0.0243,0.0255,0.0255,0.0243,0.0224,0.0229,0.0235,0.0265,0.0255,0.0239,0.0265,0.0259,0.0255,0.0229,0.0243,0.0243,0.024,0.024,0.0231,0.0217,0.0239,0.0197,0.0184,0.022,0.0229,0.0255,0.0251,0.0229,0.024,0.024,0.0265,0.0229,0.0217,0.0206,0.0206,0.0255,0.0255,0.0251,0.0229,0.022,0.024,0.0274,0.0224,0.0229,0.0224,0.02,0.0243,0.0229,0.0217,0.0229,0.0252,0.0255,0.0274,0.0265,0.0271,0.0264,0.0255,0.0231,0.0213,0.0217,0.0231,0.0231,0.0248,0.0252,0.0257,0.0257,0.0264,0.0229,0.0229,0.0252,0.0247,0.0205,0.0184,0.0248,0.0247,0.0265,0.0255,0.0257,0.0257,0.0257,0.0252,0.0252,0.0244,0.0252,0.0171,0.0252,0.024,0.0255,0.0244,0.0224,0.0198,0.024,0.024,0.022,0.0271,0.0244,0.0244,0.024,0.0209,0.0177,0.0144,0.0198,0.0231,0.0244,0.0278,0.0271,0.0266,0.0231,0.0247,0.0267
MOD17A2H.A2014241.h12v02.006.2015289232339.Gpp_500m,MOD17A2H,A2014241,Lat66.02328333Lon-137.2492667Samp13Line13,2015289232339,Gpp_500m,0.0099,0.0099,0.009,0.0086,0.0071,0.0071,0.0084,0.0093,0.0104,0.0102,0.0102,0.0086,0.0099,0.0081,0.0071,0.007,0.0084,0.0095,0.0094,0.0071,0.0075,0.0093,0.0093,0.01,0.0094,0.0094,0.007,0.0079,0.0071,0.0093,0.0093,0.0102,0.0102,0.0102,0.01,0.0094,0.0087,0.0087,0.0084,0.009,0.0102,0.0102,0.0093,0.0099,0.0096,0.0077,0.0071,0.008,0.0086,0.0084,0.008,0.0084,0.0084,0.0076,0.008,0.0076,0.0076,0.008,0.01,0.0092,0.0092,0.0092,0.0087,0.0089,0.0086,0.009,0.0075,0.0099,0.0099,0.0102,0.0102,0.0087,0.0084,0.0085,0.0084,0.0079,0.0096,0.0092,0.0085,0.0099,0.0089,0.0071,0.0071,0.0074,0.0092,0.0092,0.0089,0.0085,0.0092,0.0093,0.0087,0.0076,0.0071,0.0084,0.0074,0.0087,0.0096,0.01,0.0089,0.0089,0.0092,0.008,0.0071,0.0077,0.0084,0.0086,0.0079,0.0079,0.0092,0.01,0.0096,0.0094,0.0084,0.0086,0.008,0.0069,0.0069,0.008,0.008,0.008,0.0086,0.0086,0.0086,0.0089,0.0085,0.0089,0.009,0.0101,0.0101,0.0097,0.008,0.008,0.008,0.0086,0.0089,0.0084,0.0098,0.0098,0.0098,0.0101,0.0098,0.0098,0.0071,0.0092,0.0086,0.0098,0.0098,0.0069,0.0071,0.0098,0.0092,0.0086,0.007,0.0071,0.007,0.007,0.0092,0.0069,0.0069,0.0069,0.0086,0.0093,0.0093,0.0086,0.007,0.007,0.007,0.007,0.0095
MOD17A2H.A2014249.h12v02.006.2015290001240.Gpp_500m,MOD17A2H,A2014249,Lat66.02328333Lon-137.2492667Samp13Line13,2015290001240,Gpp_500m,0.0088,0.0088,0.0085,0.0085,0.0083,0.0084,0.0075,0.0075,0.0095,0.0093,0.009,0.008,0.0076,0.0075,0.007,0.0072,0.0083,0.0075,0.0081,0.0067,0.0072,0.0088,0.0075,0.0084,0.0083,0.0083,0.0072,0.0067,0.0069,0.0069,0.009,0.0093,0.0088,0.0088,0.0083,0.0075,0.008,0.0075,0.0075,0.0084,0.0084,0.0088,0.009,0.0084,0.0084,0.008,0.0074,0.0069,0.0075,0.0075,0.0075,0.0075,0.0075,0.0075,0.0083,0.008,0.0083,0.0083,0.0088,0.0096,0.0075,0.0077,0.0075,0.0075,0.0078,0.0084,0.0083,0.0083,0.0083,0.0088,0.0096,0.0084,0.0069,0.008,0.0075,0.0069,0.0078,0.0083,0.0086,0.0069,0.0075,0.0068,0.0064,0.0068,0.0083,0.0088,0.0078,0.0078,0.008,0.0083,0.0078,0.0069,0.0068,0.0069,0.0078,0.0084,0.0086,0.0096,0.008,0.008,0.0086,0.008,0.0075,0.0068,0.0075,0.008,0.0068,0.0084,0.0096,0.009,0.008,0.0083,0.0086,0.0083,0.0086,0.008,0.0083,0.0072,0.0069,0.0075,0.0071,0.0075,0.008,0.0083,0.0084,0.0086,0.0086,0.009,0.0094,0.0094,0.0069,0.0068,0.0068,0.0075,0.0083,0.0086,0.0094,0.0094,0.0094,0.0084,0.0083,0.0089,0.0085,0.0068,0.0069,0.0086,0.0078,0.0078,0.0078,0.0075,0.0084,0.0078,0.0078,0.0075,0.0075,0.0075,0.008,0.0069,0.0068,0.0069,0.0075,0.0075,0.0075,0.0075,0.0078,0.0081,0.0075,0.0084,0.0084
MOD17A2H.A2014257.h12v02.006.2015291013847.Gpp_500m,MOD17A2H,A2014257,Lat66.02328333Lon-137.2492667Samp13Line13,2015291013847,Gpp_500m,0.0068,0.0068,0.0068,0.006,0.006,0.0052,0.0068,0.0061,0.0061,0.0061,0.0068,0.0056,0.0051,0.0068,0.0043,0.0043,0.0048,0.0056,0.0048,0.0043,0.0043,0.0056,0.0056,0.0068,0.0068,0.0056,0.0056,0.0043,0.0056,0.0056,0.0051,0.0068,0.0068,0.0072,0.0072,0.0068,0.0058,0.0058,0.0051,0.0059,0.0068,0.0068,0.0059,0.0068,0.0068,0.0059,0.0059,0.0068,0.0081,0.0058,0.0068,0.0058,0.0059,0.0059,0.0068,0.0059,0.0059,0.0068,0.0072,0.0081,0.0081,0.0106,0.0067,0.0055,0.0055,0.0068,0.0068,0.0075,0.0075,0.0068,0.0072,0.0115,0.0055,0.0058,0.0058,0.0076,0.0067,0.0067,0.0069,0.0051,0.0051,0.0069,0.0069,0.0069,0.0069,0.0081,0.0081,0.0081,0.0076,0.0068,0.0068,0.0065,0.0069,0.0069,0.0069,0.0069,0.0082,0.0082,0.0081,0.0081,0.0071,0.0068,0.0068,0.0068,0.0068,0.0068,0.0068,0.0068,0.0071,0.0068,0.0068,0.0071,0.0071,0.0075,0.0068,0.0068,0.0068,0.0068,0.0068,0.0068,0.0068,0.0068,0.0068,0.0071,0.0075,0.0071,0.0072,0.0068,0.0068,0.0072,0.0068,0.0068,0.0068,0.0068,0.0071,0.0068,0.0068,0.0068,0.0068,0.0068,0.0068,0.0068,0.0068,0.0068,0.0068,0.0068,0.0068,0.0068,0.0068,0.0068,0.0065,0.0065,0.0068,0.0068,0.0065,0.0065,0.0068,0.0068,0.0051,0.0051,0.0051,0.0068,0.0068,0.0068,0.0068,0.0068,0.0068,0.0068,0.0066
MOD17A2H.A2014265.h12v02.006.2015291143555.Gpp_500m,MOD17A2H,A2014265,Lat66.02328333Lon-137.2492667Samp13Line13,2015291143555,Gpp_500m,0.0028,0.0028,0.0028,0.0027,0.002,0.0017,0.0017,0.0027,0.0027,0.0017,0.0027,0.0027,0.0027,0.0028,0.0024,0.0021,0.0027,0.0018,0.0018,0.0021,0.0027,0.0017,0.0027,0.0029,0.0027,0.0028,0.0022,0.002,0.0021,0.0027,0.0027,0.0027,0.0027,0.0029,0.0027,0.0027,0.0028,0.0022,0.0021,0.0028,0.0028,0.0027,0.0027,0.0029,0.0028,0.0028,0.0027,0.0027,0.0027,0.0027,0.0027,0.0027,0.0026,0.0028,0.0028,0.0028,0.0027,0.0027,0.0029,0.0027,0.0027,0.0028,0.0027,0.0027,0.0027,0.0028,0.0027,0.0027,0.0029,0.0029,0.0031,0.0027,0.0021,0.0027,0.0026,0.002,0.0027,0.003,0.0027,0.002,0.0027,0.002,0.002,0.0021,0.0028,0.0029,0.0029,0.0021,0.0027,0.0028,0.0028,0.0021,0.0021,0.0027,0.0022,0.0028,0.0029,0.0029,0.0029,0.0028,0.003,0.0028,0.0028,0.0021,0.0027,0.0027,0.0021,0.0029,0.0032,0.003,0.0027,0.003,0.0028,0.0029,0.0028,0.0026,0.0028,0.0022,0.0022,0.0027,0.0027,0.0027,0.0028,0.0029,0.0029,0.0028,0.0028,0.0032,0.0028,0.0028,0.0026,0.0027,0.002,0.0027,0.0032,0.0029,0.003,0.0028,0.0028,0.0028,0.0028,0.0028,0.0028,0.002,0.0021,0.0028,0.0028,0.0023,0.0023,0.0028,0.0027,0.0021,0.0028,0.0028,0.0028,0.0028,0.0028,0.0023,0.002,0.0021,0.0021,0.0022,0.0027,0.0028,0.0028,0.0028,0.0028,0.0028,0.0028
MOD17A2H.A2014273.h12v02.006.2015291194829.Gpp_500m,MOD17A2H,A2014273,Lat66.02328333Lon-137.2492667Samp13Line13,2015291194829,Gpp_500m,0.0006,0.0005,0.0006,0.0004,0.0004,0.0005,0.0006,0.0005,0.0004,0.0004,0.0004,0.0004,0.0004,0.0006,0.0004,0.0005,0.0005,0.0007,0.0005,0.0004,0.0004,0.0004,0.0004,0.0004,F,F,0.0006,0.0006,0.0004,F,F,0.0004,F,0.0004,F,0.0004,F,F,F,0.0004,0.0004,F,F,F,F,F,0.0004,0.0004,0.0004,F,F,F,F,F,F,F,F,0.0004,0.0004,0.0004,0.0004,F,F,F,F,F,F,F,0.0004,0.0004,0.0004,0.0004,F,F,F,F,F,F,F,F,F,0.0004,0.0004,0.0004,0.0004,0.0004,F,0.0005,0.0005,0.0005,F,F,0.0004,0.0004,0.0004,0.0004,0.0004,0.0006,0.0005,0.0006,F,F,F,0.0004,0.0004,0.0004,0.0005,0.0005,0.0005,0.0005,F,F,F,F,F,0.0004,0.0004,0.0004,0.0005,0.0005,0.0005,0.0004,F,F,F,F,0.0004,0.0005,0.0005,0.0005,0.0005,F,F,0.0004,0.0004,0.0004,F,0.0005,0.0005,0.0006,0.0005,0.0005,0.0005,F,0.0004,0.0004,0.0004,0.0005,0.0005,0.0005,0.0004,0.0005,0.0005,0.0005,0.0007,0.0005,0.0005,0.0005,0.0005,0.0004,0.0005,0.0005,0.0005,0.0005,0.0005,0.0005,0.0005,0.0008,0.0008
MOD17A2H.A2014281.h12v02.006.2015291232002.Gpp_500m,MOD17A2H,A2014281,Lat66.02328333Lon-137.2492667Samp13Line13,2015291232002,Gpp_500m,F,F,F,F,F,F,F,F,F,F,F,F,F,F,F,F,F,F,F,F,F,F,F,F,F,F,F,F,F,F,F,F,F,F,F,F,F,F,F,F,F,F,F,F,F,F,F,F,F,F,F,F,F,F,F,F,F,F,F,F,F,F,F,F,F,F,F,F,F,F,F,F,F,F,F,F,F,F,F,F,F,F,F,F,F,F,F,F,F,F,F,F,F,F,F,F,F,F,F,F,F,F,F,F,F,F,F,F,F,F,F,F,F,F,F,F,F,F,F,F,F,F,F,F,F,F,F,F,F,F,F,F,F,F,F,F,F,F,F,F,F,F,F,F,F,F,F,F,F,F,F,F,F,F,F,F,F,F,F,F,F,F,F,F,F,F,F,F,F
MOD17A2H.A2014289.h12v02.006.2015292015437.Gpp_500m,MOD17A2H,A2014289,Lat66.02328333Lon-137.2492667Samp13Line13,2015292015437,Gpp_500m,F,F,F,F,F,F,F,F,F,F,F,F,F,F,F,F,F,F,F,F,F,F,F,F,F,F,F,F,F,F,F,F,F,F,F,F,F,F,F,F,F,F,F,F,F,F,F,F,F,F,F,F,F,F,F,F,F,F,F,F,F,F,F,F,F,F,F,F,F,F,F,F,F,F,F,F,F,F,F,F,F,F,F,F,F,F,F,F,F,F,F,F,F,F,F,F,F,F,F,F,F,F,F,F,F,F,F,F,F,F,F,F,F,F,F,F,F,F,F,F,F,F,F,F,F,F,F,F,F,F,F,F,F,F,F,F,F,F,F,F,F,F,F,F,F,F,F,F,F,F,F,F,F,F,F,F,F,F,F,F,F,F,F,F,F,F,F,F,F
MOD17A2H.A2014297.h12v02.006.2015292043934.Gpp_500m,MOD17A2H,A2014297,Lat66.02328333Lon-137.2492667Samp13Line13,2015292043934,Gpp_500m,F,F,F,F,F,F,F,F,F,F,F,F,F,F,F,F,F,F,F,F,F,F,F,F,F,F,F,F,F,F,F,F,F,F,F,F,F,F,F,F,F,F,F,F,F,F,F,F,F,F,F,F,F,F,F,F,F,F,F,F,F,F,F,F,F,F,F,F,F,F,F,F,F,F,F,F,F,F,F,F,F,F,F,F,F,F,F,F,F,F,F,F,F,F,F,F,F,F,F,F,F,F,F,F,F,F,F,F,F,F,F,F,F,F,F,F,F,F,F,F,F,F,F,F,F,F,F,F,F,F,F,F,F,F,F,F,F,F,F,F,F,F,F,F,F,F,F,F,F,F,F,F,F,F,F,F,F,F,F,F,F,F,F,F,F,F,F,F,F
MOD17A2H.A2014305.h12v02.006.2015292112225.Gpp_500m,MOD17A2H,A2014305,Lat66.02328333Lon-137.2492667Samp13Line13,2015292112225,Gpp_500m,F,F,F,F,F,F,F,F,F,F,F,F,F,F,F,F,F,F,F,F,F,F,F,F,F,F,F,F,F,F,F,F,F,F,F,F,F,F,F,F,F,F,F,F,F,F,F,F,F,F,F,F,F,F,F,F,F,F,F,F,F,F,F,F,F,F,F,F,F,F,F,F,F,F,F,F,F,F,F,F,F,F,F,F,F,F,F,F,F,F,F,F,F,F,F,F,F,F,F,F,F,F,F,F,F,F,F,F,F,F,F,F,F,F,F,F,F,F,F,F,F,F,F,F,F,F,F,F,F,F,F,F,F,F,F,F,F,F,F,F,F,F,F,F,F,F,F,F,F,F,F,F,F,F,F,F,F,F,F,F,F,F,F,F,F,F,F,F,F
MOD17A2H.A2014313.h12v02.006.2015292114506.Gpp_500m,MOD17A2H,A2014313,Lat66.02328333Lon-137.2492667Samp13Line13,2015292114506,Gpp_500m,F,F,F,F,F,F,F,F,F,F,F,F,F,F,F,F,F,F,F,F,F,F,F,F,F,F,F,F,F,F,F,F,F,F,F,F,F,F,F,F,F,F,F,F,F,F,F,F,F,F,F,F,F,F,F,F,F,F,F,F,F,F,F,F,F,F,F,F,F,F,F,F,F,F,F,F,F,F,F,F,F,F,F,F,F,F,F,F,F,F,F,F,F,F,F,F,F,F,F,F,F,F,F,F,F,F,F,F,F,F,F,F,F,F,F,F,F,F,F,F,F,F,F,F,F,F,F,F,F,F,F,F,F,F,F,F,F,F,F,F,F,F,F,F,F,F,F,F,F,F,F,F,F,F,F,F,F,F,F,F,F,F,F,F,F,F,F,F,F
MOD17A2H.A2014321.h12v02.006.2015292120400.Gpp_500m,MOD17A2H,A2014321,Lat66.02328333Lon-137.2492667Samp13Line13,2015292120400,Gpp_500m,F,F,F,F,F,F,F,F,F,F,F,F,F,F,F,F,F,F,F,F,F,F,F,F,F,F,F,F,F,F,F,F,F,F,F,F,F,F,F,F,F,F,F,F,F,F,F,F,F,F,F,F,F,F,F,F,F,F,F,F,F,F,F,F,F,F,F,F,F,F,F,F,F,F,F,F,F,F,F,F,F,F,F,F,F,F,F,F,F,F,F,F,F,F,F,F,F,F,F,F,F,F,F,F,F,F,F,F,F,F,F,F,F,F,F,F,F,F,F,F,F,F,F,F,F,F,F,F,F,F,F,F,F,F,F,F,F,F,F,F,F,F,F,F,F,F,F,F,F,F,F,F,F,F,F,F,F,F,F,F,F,F,F,F,F,F,F,F,F
MOD17A2H.A2014329.h12v02.006.2015292121703.Gpp_500m,MOD17A2H,A2014329,Lat66.02328333Lon-137.2492667Samp13Line13,2015292121703,Gpp_500m,F,F,F,F,F,F,F,F,F,F,F,F,F,F,F,F,F,F,F,F,F,F,F,F,F,F,F,F,F,F,F,F,F,F,F,F,F,F,F,F,F,F,F,F,F,F,F,F,F,F,F,F,F,F,F,F,F,F,F,F,F,F,F,F,F,F,F,F,F,F,F,F,F,F,F,F,F,F,F,F,F,F,F,F,F,F,F,F,F,F,F,F,F,F,F,F,F,F,F,F,F,F,F,F,F,F,F,F,F,F,F,F,F,F,F,F,F,F,F,F,F,F,F,F,F,F,F,F,F,F,F,F,F,F,F,F,F,F,F,F,F,F,F,F,F,F,F,F,F,F,F,F,F,F,F,F,F,F,F,F,F,F,F,F,F,F,F,F,F
MOD17A2H.A2014337.h12v02.006.2015293191727.Gpp_500m,MOD17A2H,A2014337,Lat66.02328333Lon-137.2492667Samp13Line13,2015293191727,Gpp_500m,F,F,F,F,F,F,F,F,F,F,F,F,F,F,F,F,F,F,F,F,F,F,F,F,F,F,F,F,F,F,F,F,F,F,F,F,F,F,F,F,F,F,F,F,F,F,F,F,F,F,F,F,F,F,F,F,F,F,F,F,F,F,F,F,F,F,F,F,F,F,F,F,F,F,F,F,F,F,F,F,F,F,F,F,F,F,F,F,F,F,F,F,F,F,F,F,F,F,F,F,F,F,F,F,F,F,F,F,F,F,F,F,F,F,F,F,F,F,F,F,F,F,F,F,F,F,F,F,F,F,F,F,F,F,F,F,F,F,F,F,F,F,F,F,F,F,F,F,F,F,F,F,F,F,F,F,F,F,F,F,F,F,F,F,F,F,F,F,F
MOD17A2H.A2014345.h12v02.006.2015294224942.Gpp_500m,MOD17A2H,A2014345,Lat66.02328333Lon-137.2492667Samp13Line13,2015294224942,Gpp_500m,F,F,F,F,F,F,F,F,F,F,F,F,F,F,F,F,F,F,F,F,F,F,F,F,F,F,F,F,F,F,F,F,F,F,F,F,F,F,F,F,F,F,F,F,F,F,F,F,F,F,F,F,F,F,F,F,F,F,F,F,F,F,F,F,F,F,F,F,F,F,F,F,F,F,F,F,F,F,F,F,F,F,F,F,F,F,F,F,F,F,F,F,F,F,F,F,F,F,F,F,F,F,F,F,F,F,F,F,F,F,F,F,F,F,F,F,F,F,F,F,F,F,F,F,F,F,F,F,F,F,F,F,F,F,F,F,F,F,F,F,F,F,F,F,F,F,F,F,F,F,F,F,F,F,F,F,F,F,F,F,F,F,F,F,F,F,F,F,F
MOD17A2H.A2014353.h12v02.006.2015295021648.Gpp_500m,MOD17A2H,A2014353,Lat66.02328333Lon-137.2492667Samp13Line13,2015295021648,Gpp_500m,F,F,F,F,F,F,F,F,F,F,F,F,F,F,F,F,F,F,F,F,F,F,F,F,F,F,F,F,F,F,F,F,F,F,F,F,F,F,F,F,F,F,F,F,F,F,F,F,F,F,F,F,F,F,F,F,F,F,F,F,F,F,F,F,F,F,F,F,F,F,F,F,F,F,F,F,F,F,F,F,F,F,F,F,F,F,F,F,F,F,F,F,F,F,F,F,F,F,F,F,F,F,F,F,F,F,F,F,F,F,F,F,F,F,F,F,F,F,F,F,F,F,F,F,F,F,F,F,F,F,F,F,F,F,F,F,F,F,F,F,F,F,F,F,F,F,F,F,F,F,F,F,F,F,F,F,F,F,F,F,F,F,F,F,F,F,F,F,F
MOD17A2H.A2014361.h12v02.006.2015295055411.Gpp_500m,MOD17A2H,A2014361,Lat66.02328333Lon-137.2492667Samp13Line13,2015295055411,Gpp_500m,F,F,F,F,F,F,F,F,F,F,F,F,F,F,F,F,F,F,F,F,F,F,F,F,F,F,F,F,F,F,F,F,F,F,F,F,F,F,F,F,F,F,F,F,F,F,F,F,F,F,F,F,F,F,F,F,F,F,F,F,F,F,F,F,F,F,F,F,F,F,F,F,F,F,F,F,F,F,F,F,F,F,F,F,F,F,F,F,F,F,F,F,F,F,F,F,F,F,F,F,F,F,F,F,F,F,F,F,F,F,F,F,F,F,F,F,F,F,F,F,F,F,F,F,F,F,F,F,F,F,F,F,F,F,F,F,F,F,F,F,F,F,F,F,F,F,F,F,F,F,F,F,F,F,F,F,F,F,F,F,F,F,F,F,F,F,F,F,F
MOD17A2H.A2015001.h12v02.006.2015295120634.Gpp_500m,MOD17A2H,A2015001,Lat66.02328333Lon-137.2492667Samp13Line13,2015295120634,Gpp_500m,F,F,F,F,F,F,F,F,F,F,F,F,F,F,F,F,F,F,F,F,F,F,F,F,F,F,F,F,F,F,F,F,F,F,F,F,F,F,F,F,F,F,F,F,F,F,F,F,F,F,F,F,F,F,F,F,F,F,F,F,F,F,F,F,F,F,F,F,F,F,F,F,F,F,F,F,F,F,F,F,F,F,F,F,F,F,F,F,F,F,F,F,F,F,F,F,F,F,F,F,F,F,F,F,F,F,F,F,F,F,F,F,F,F,F,F,F,F,F,F,F,F,F,F,F,F,F,F,F,F,F,F,F,F,F,F,F,F,F,F,F,F,F,F,F,F,F,F,F,F,F,F,F,F,F,F,F,F,F,F,F,F,F,F,F,F,F,F,F
MOD17A2H.A2015009.h12v02.006.2015295151730.Gpp_500m,MOD17A2H,A2015009,Lat66.02328333Lon-137.2492667Samp13Line13,2015295151730,Gpp_500m,F,F,F,F,F,F,F,F,F,F,F,F,F,F,F,F,F,F,F,F,F,F,F,F,F,F,F,F,F,F,F,F,F,F,F,F,F,F,F,F,F,F,F,F,F,F,F,F,F,F,F,F,F,F,F,F,F,F,F,F,F,F,F,F,F,F,F,F,F,F,F,F,F,F,F,F,F,F,F,F,F,F,F,F,F,F,F,F,F,F,F,F,F,F,F,F,F,F,F,F,F,F,F,F,F,F,F,F,F,F,F,F,F,F,F,F,F,F,F,F,F,F,F,F,F,F,F,F,F,F,F,F,F,F,F,F,F,F,F,F,F,F,F,F,F,F,F,F,F,F,F,F,F,F,F,F,F,F,F,F,F,F,F,F,F,F,F,F,F
MOD17A2H.A2015017.h12v02.006.2015295160244.Gpp_500m,MOD17A2H,A2015017,Lat66.02328333Lon-137.2492667Samp13Line13,2015295160244,Gpp_500m,F,F,F,F,F,F,F,F,F,F,F,F,F,F,F,F,F,F,F,F,F,F,F,F,F,F,F,F,F,F,F,F,F,F,F,F,F,F,F,F,F,F,F,F,F,F,F,F,F,F,F,F,F,F,F,F,F,F,F,F,F,F,F,F,F,F,F,F,F,F,F,F,F,F,F,F,F,F,F,F,F,F,F,F,F,F,F,F,F,F,F,F,F,F,F,F,F,F,F,F,F,F,F,F,F,F,F,F,F,F,F,F,F,F,F,F,F,F,F,F,F,F,F,F,F,F,F,F,F,F,F,F,F,F,F,F,F,F,F,F,F,F,F,F,F,F,F,F,F,F,F,F,F,F,F,F,F,F,F,F,F,F,F,F,F,F,F,F,F
MOD17A2H.A2015025.h12v02.006.2015295163615.Gpp_500m,MOD17A2H,A2015025,Lat66.02328333Lon-137.2492667Samp13Line13,2015295163615,Gpp_500m,F,F,F,F,F,F,F,F,F,F,F,F,F,F,F,F,F,F,F,F,F,F,F,F,F,F,F,F,F,F,F,F,F,F,F,F,F,F,F,F,F,F,F,F,F,F,F,F,F,F,F,F,F,F,F,F,F,F,F,F,F,F,F,F,F,F,F,F,F,F,F,F,F,F,F,F,F,F,F,F,F,F,F,F,F,F,F,F,F,F,F,F,F,F,F,F,F,F,F,F,F,F,F,F,F,F,F,F,F,F,F,F,F,F,F,F,F,F,F,F,F,F,F,F,F,F,F,F,F,F,F,F,F,F,F,F,F,F,F,F,F,F,F,F,F,F,F,F,F,F,F,F,F,F,F,F,F,F,F,F,F,F,F,F,F,F,F,F,F
MOD17A2H.A2015033.h12v02.006.2015296035130.Gpp_500m,MOD17A2H,A2015033,Lat66.02328333Lon-137.2492667Samp13Line13,2015296035130,Gpp_500m,F,F,F,F,F,F,F,F,F,F,F,F,F,F,F,F,F,F,F,F,F,F,F,F,F,F,F,F,F,F,F,F,F,F,F,F,F,F,F,F,F,F,F,F,F,F,F,F,F,F,F,F,F,F,F,F,F,F,F,F,F,F,F,F,F,F,F,F,F,F,F,F,F,F,F,F,F,F,F,F,F,F,F,F,F,F,F,F,F,F,F,F,F,F,F,F,F,F,F,F,F,F,F,F,F,F,F,F,F,F,F,F,F,F,F,F,F,F,F,F,F,F,F,F,F,F,F,F,F,F,F,F,F,F,F,F,F,F,F,F,F,F,F,F,F,F,F,F,F,F,F,F,F,F,F,F,F,F,F,F,F,F,F,F,F,F,F,F,F
MOD17A2H.A2015041.h12v02.006.2015296191545.Gpp_500m,MOD17A2H,A2015041,Lat66.02328333Lon-137.2492667Samp13Line13,2015296191545,Gpp_500m,F,F,F,F,F,F,F,F,F,F,F,F,F,F,F,F,F,F,F,F,F,F,F,F,F,F,F,F,F,F,F,F,F,F,F,F,F,F,F,F,F,F,F,F,F,F,F,F,F,F,F,F,F,F,F,F,F,F,F,F,F,F,F,F,F,F,F,F,F,F,F,F,F,F,F,F,F,F,F,F,F,F,F,F,F,F,F,F,F,F,F,F,F,F,F,F,F,F,F,F,F,F,F,F,F,F,F,F,F,F,F,F,F,F,F,F,F,F,F,F,F,F,F,F,F,F,F,F,F,F,F,F,F,F,F,F,F,F,F,F,F,F,F,F,F,F,F,F,F,F,F,F,F,F,F,F,F,F,F,F,F,F,F,F,F,F,F,F,F
MOD17A2H.A2015049.h12v02.006.2015297055354.Gpp_500m,MOD17A2H,A2015049,Lat66.02328333Lon-137.2492667Samp13Line13,2015297055354,Gpp_500m,F,F,F,F,F,F,F,F,F,F,F,F,F,F,F,F,F,F,F,F,F,F,F,F,F,F,F,F,F,F,F,F,F,F,F,F,F,F,F,F,F,F,F,F,F,F,F,F,F,F,F,F,F,F,F,F,F,F,F,F,F,F,F,F,F,F,F,F,F,F,F,F,F,F,F,F,F,F,F,F,F,F,F,F,F,F,F,F,F,F,F,F,F,F,F,F,F,F,F,F,F,F,F,F,F,F,F,F,F,F,F,F,F,F,F,F,F,F,F,F,F,F,F,F,F,F,F,F,F,F,F,F,F,F,F,F,F,F,F,F,F,F,F,F,F,F,F,F,F,F,F,F,F,F,F,F,F,F,F,F,F,F,F,F,F,F,F,F,F
MOD17A2H.A2015057.h12v02.006.2015297062635.Gpp_500m,MOD17A2H,A2015057,Lat66.02328333Lon-137.2492667Samp13Line13,2015297062635,Gpp_500m,F,F,F,F,F,F,F,F,F,F,F,F,F,F,F,F,F,F,F,F,F,F,F,F,F,F,F,F,F,F,F,F,F,F,F,F,F,F,F,F,F,F,F,F,F,F,F,F,F,F,F,F,F,F,F,F,F,F,F,F,F,F,F,F,F,F,F,F,F,F,F,F,F,F,F,F,F,F,F,F,F,F,F,F,F,F,F,F,F,F,F,F,F,F,F,F,F,F,F,F,F,F,F,F,F,F,F,F,F,F,F,F,F,F,F,F,F,F,F,F,F,F,F,F,F,F,F,F,F,F,F,F,F,F,F,F,F,F,F,F,F,F,F,F,F,F,F,F,F,F,F,F,F,F,F,F,F,F,F,F,F,F,F,F,F,F,F,F,F
MOD17A2H.A2015065.h12v02.006.2015297065151.Gpp_500m,MOD17A2H,A2015065,Lat66.02328333Lon-137.2492667Samp13Line13,2015297065151,Gpp_500m,F,F,F,F,F,F,F,F,F,F,F,F,F,F,F,F,F,F,F,F,F,F,F,F,F,F,F,F,F,F,F,F,F,F,F,F,F,F,F,F,F,F,F,F,F,F,F,F,F,F,F,F,F,F,F,F,F,F,F,F,F,F,F,F,F,F,F,F,F,F,F,F,F,F,F,F,F,F,F,F,F,F,F,F,F,F,F,F,F,F,F,F,F,F,F,F,F,F,F,F,F,F,F,F,F,F,F,F,F,F,F,F,F,F,F,F,F,F,F,F,F,F,F,F,F,F,F,F,F,F,F,F,F,F,F,F,F,F,F,F,F,F,F,F,F,F,F,F,F,F,F,F,F,F,F,F,F,F,F,F,F,F,F,F,F,F,F,F,F
MOD17A2H.A2015073.h12v02.006.2015298063936.Gpp_500m,MOD17A2H,A2015073,Lat66.02328333Lon-137.2492667Samp13Line13,2015298063936,Gpp_500m,F,F,F,F,F,F,F,F,F,F,F,F,F,F,F,F,F,F,F,F,F,F,F,F,F,F,F,F,F,F,F,F,F,F,F,F,F,F,F,F,F,F,F,F,F,F,F,F,F,F,F,F,F,F,F,F,F,F,F,F,F,F,F,F,F,F,F,F,F,F,F,F,F,F,F,F,F,F,F,F,F,F,F,F,F,F,F,F,F,F,F,F,F,F,F,F,F,F,F,F,F,F,F,F,F,F,F,F,F,F,F,F,F,F,F,F,F,F,F,F,F,F,F,F,F,F,F,F,F,F,F,F,F,F,F,F,F,F,F,F,F,F,F,F,F,F,F,F,F,F,F,F,F,F,F,F,F,F,F,F,F,F,F,F,F,F,F,F,F
MOD17A2H.A2015081.h12v02.006.2015298231320.Gpp_500m,MOD17A2H,A2015081,Lat66.02328333Lon-137.2492667Samp13Line13,2015298231320,Gpp_500m,F,F,F,F,F,F,F,F,F,F,F,F,F,F,F,F,F,F,F,F,F,F,F,F,F,F,F,F,F,F,F,F,F,F,F,F,F,F,F,F,F,F,F,F,F,F,F,F,F,F,F,F,F,F,F,F,F,F,F,F,F,F,F,F,F,F,F,F,F,F,F,F,F,F,F,F,F,F,F,F,F,F,F,F,F,F,F,F,F,F,F,F,F,F,F,F,F,F,F,F,F,F,F,F,F,F,F,F,F,F,F,F,F,F,F,F,F,F,F,F,F,F,F,F,F,F,F,F,F,F,F,F,F,F,F,F,F,F,F,F,F,F,F,F,F,F,F,F,F,F,F,F,F,F,F,F,F,F,F,F,F,F,F,F,F,F,F,F,F
MOD17A2H.A2015089.h12v02.006.2015299012225.Gpp_500m,MOD17A2H,A2015089,Lat66.02328333Lon-137.2492667Samp13Line13,2015299012225,Gpp_500m,F,F,F,F,F,F,F,F,F,F,F,F,F,F,F,F,F,F,F,F,F,F,F,F,F,F,F,F,F,F,F,F,F,F,F,F,F,F,F,F,F,F,F,F,F,F,F,F,F,F,F,F,F,F,F,F,F,F,F,F,F,F,F,F,F,F,F,F,F,F,F,F,F,F,F,F,F,F,F,F,F,F,F,F,F,F,F,F,F,F,F,F,F,F,F,F,F,F,F,F,F,F,F,F,F,F,F,F,F,F,F,F,F,F,F,F,F,F,F,F,F,F,F,F,F,F,F,F,F,F,F,F,F,F,F,F,F,F,F,F,F,F,F,F,F,F,F,F,F,F,F,F,F,F,F,F,F,F,F,F,F,F,F,F,F,F,F,F,F
MOD17A2H.A2015097.h12v02.006.2015299030645.Gpp_500m,MOD17A2H,A2015097,Lat66.02328333Lon-137.2492667Samp13Line13,2015299030645,Gpp_500m,F,F,F,F,F,F,F,F,F,F,F,F,F,F,F,F,F,F,F,F,F,F,F,F,F,F,F,F,F,F,F,F,F,F,F,F,F,F,F,F,F,F,F,F,F,F,F,F,F,F,F,F,F,F,F,F,F,F,F,F,F,F,F,F,F,F,F,F,F,F,F,F,F,F,F,F,F,F,F,F,F,F,F,F,F,F,F,F,F,F,F,F,F,F,F,F,F,F,F,F,F,F,F,F,F,F,F,F,F,F,F,F,F,F,F,F,F,F,F,F,F,F,F,F,F,F,F,F,F,F,F,F,F,F,F,F,F,F,F,F,F,F,F,F,F,F,F,F,F,F,F,F,F,F,F,F,F,F,F,F,F,F,F,F,F,F,F,F,F
MOD17A2H.A2015105.h12v02.006.2015299045501.Gpp_500m,MOD17A2H,A2015105,Lat66.02328333Lon-137.2492667Samp13Line13,2015299045501,Gpp_500m,F,F,F,F,F,F,F,F,F,F,F,F,F,F,F,F,F,F,F,F,F,F,F,F,F,F,F,F,F,F,F,F,F,F,F,F,F,F,F,F,F,F,F,F,F,F,F,F,F,F,F,F,F,F,F,F,F,F,F,F,F,F,F,F,F,F,F,F,F,F,F,F,F,F,F,F,F,F,F,F,F,F,F,F,F,F,F,F,F,F,F,F,F,F,F,F,F,F,F,F,F,F,F,F,F,F,F,F,F,F,F,F,F,F,F,F,F,F,F,F,F,F,F,F,F,F,F,F,F,F,F,F,F,F,F,F,F,F,F,F,F,F,F,F,F,F,F,F,F,F,F,F,F,F,F,F,F,F,F,F,F,F,F,F,F,F,F,F,F
MOD17A2H.A2015113.h12v02.006.2015299063747.Gpp_500m,MOD17A2H,A2015113,Lat66.02328333Lon-137.2492667Samp13Line13,2015299063747,Gpp_500m,F,F,F,F,F,F,F,F,F,F,F,F,F,F,F,F,F,F,F,F,F,F,F,F,F,F,F,F,F,F,F,F,F,F,F,F,F,F,F,F,F,F,F,F,F,F,F,F,F,F,F,F,F,F,F,F,F,F,F,F,F,F,F,F,F,F,F,F,F,F,F,F,F,F,F,F,F,F,F,F,F,F,F,F,F,F,F,F,F,F,F,F,F,F,F,F,F,F,F,F,F,F,F,F,F,F,F,F,F,F,F,F,F,F,F,F,F,F,F,F,F,F,F,F,F,F,F,F,F,F,F,F,F,F,F,F,F,F,F,F,F,F,F,F,F,F,F,F,F,F,F,F,F,F,F,F,F,F,F,F,F,F,F,F,F,F,F,F,F
MOD17A2H.A2015121.h12v02.006.2015299085919.Gpp_500m,MOD17A2H,A2015121,Lat66.02328333Lon-137.2492667Samp13Line13,2015299085919,Gpp_500m,F,F,F,F,F,F,F,F,F,F,F,F,F,F,F,F,F,F,F,F,F,F,F,F,F,F,F,F,F,F,F,F,F,F,F,F,F,F,F,F,F,F,F,F,F,F,F,F,F,F,F,F,F,F,F,F,F,F,F,F,F,F,F,F,F,F,F,F,F,F,F,F,F,F,F,F,F,F,F,F,F,F,F,F,F,F,F,F,F,F,F,F,F,F,F,F,F,F,F,F,F,F,F,F,F,F,F,F,F,F,F,F,F,F,F,F,F,F,F,F,F,F,F,F,F,F,F,F,F,F,F,F,F,F,F,F,F,F,F,F,F,F,F,F,F,F,F,F,F,F,F,F,F,F,F,F,F,F,F,F,F,F,F,F,F,F,F,F,F
MOD17A2H.A2015129.h12v02.006.2015299193505.Gpp_500m,MOD17A2H,A2015129,Lat66.02328333Lon-137.2492667Samp13Line13,2015299193505,Gpp_500m,0.0206,0.0189,0.0167,0.0164,0.0149,0.0123,0.0132,0.0164,0.0163,0.0137,0.0119,0.0157,0.0141,0.0158,0.0149,0.0149,0.0183,0.0166,0.006,0.0036,0.0137,0.0119,0.0133,0.0167,0.0162,0.0162,0.0141,0.0127,0.0123,0.0146,0.0163,0.0137,0.0166,0.0171,0.0162,0.0162,0.0123,0.0123,0.0083,0.0164,0.0166,0.0123,0.0162,0.0166,0.0167,0.0149,0.0149,0.0149,0.0149,0.0149,0.007,0.0091,0.0148,0.0162,0.0166,0.0162,0.0157,0.0157,0.0167,0.0167,0.0149,0.0149,0.0113,0.0065,0.0097,0.0167,0.0162,0.0167,0.0162,0.0146,0.0167,0.0149,0.0149,0.0149,0.0065,0.0051,0.0065,0.0167,0.0167,0.0141,0.0136,0.0113,0.0123,0.0157,0.0149,0.0118,0.007,0.0078,0.0167,0.0161,0.007,0.0127,0.0113,0.0113,0.0123,0.0157,0.0146,0.0157,0.0078,0.0157,0.0189,0.014,0.0114,0.0074,0.0075,0.0123,F,0.0065,0.0074,0.0192,0.0167,0.017,0.0168,0.0114,F,F,F,0.0051,0.0056,F,F,0.0114,0.014,0.0168,0.0148,0.0136,0.0146,0.0056,0.0035,0.0088,0.0056,F,0.0065,0.014,0.014,0.0158,0.014,0.0146,0.007,0.007,0.0074,0.0088,F,0.0065,0.0065,0.0065,0.0061,0.014,0.0118,0.0052,F,0.0074,F,F,F,0.0161,0.0124,0.0061,0.0056,0.0061,F,0.0035,F,F,0.0035,F,0.0088,0.0125,0.0162
MOD17A2H.A2015137.h12v02.006.2015299201205.Gpp_500m,MOD17A2H,A2015137,Lat66.02328333Lon-137.2492667Samp13Line13,2015299201205,Gpp_500m,0.0372,0.0372,0.0372,0.0344,0.0372,0.0323,0.0385,0.0385,0.0426,0.0398,0.0371,0.0344,0.0364,0.0372,0.0303,0.0323,0.0432,0.0432,0.0468,0.0316,0.0336,0.0378,0.0357,0.0357,0.0398,0.0357,0.0323,0.0323,0.0351,0.0323,0.0427,0.0385,0.0385,0.0391,0.0378,0.0364,0.0357,0.0364,0.0316,0.0364,0.0398,0.0378,0.0336,0.0391,0.0378,0.0364,0.0364,0.0337,0.0344,0.0323,0.0308,0.0308,0.0323,0.0336,0.0378,0.0364,0.035,0.0329,0.0337,0.037,0.0323,0.0323,0.0316,0.0308,0.0308,0.037,0.037,0.035,0.0378,0.037,0.037,0.039,0.0364,0.0323,0.0308,0.0302,0.0323,0.0329,0.037,0.0316,0.0303,0.0329,0.0308,0.0316,0.0364,0.0316,0.0323,0.0316,0.0329,0.0323,0.0316,0.0316,0.0303,0.0274,0.0316,0.0364,0.035,0.0357,0.0344,0.0329,0.0323,0.0329,0.0315,0.0308,0.0316,0.0316,0.0316,0.0308,0.0323,0.0344,0.0329,0.0329,0.0329,0.0315,0.0315,0.0308,0.0308,0.0308,0.0316,0.0323,0.0323,0.0316,0.0308,0.0329,0.0357,0.035,0.0308,0.0329,0.0329,0.0315,0.0308,0.0308,0.0288,0.0323,0.0329,0.035,0.0329,0.0323,0.0323,0.0329,0.0322,0.0307,0.0307,0.0288,0.0323,0.0323,0.0315,0.0323,0.0301,0.0323,0.0315,0.0295,0.0295,0.0307,0.0282,0.0274,0.0323,0.0296,0.0274,0.026,0.0267,0.0273,0.0295,0.0295,0.0301,0.0307,0.0307,0.03,0.0322
MOD17A2H.A2015145.h12v02.006.2015299203424.Gpp_500m,MOD17A2H,A2015145,Lat66.02328333Lon-137.2492667Samp13Line13,2015299203424,Gpp_500m,0.035,0.0355,0.0355,0.0371,0.0393,0.036,0.0372,0.0394,0.0399,0.0383,0.035,0.0346,0.0352,0.0324,0.0324,0.0312,0.0416,0.0422,0.0428,0.0377,0.0336,0.0346,0.0329,0.0352,0.0329,0.0355,0.0324,0.0325,0.0325,0.0388,0.0377,0.0408,0.0377,0.0361,0.0336,0.0319,0.0329,0.0324,0.0287,0.0367,0.0388,0.036,0.0336,0.0337,0.0341,0.0336,0.0313,0.0302,0.0313,0.0294,0.0276,0.0283,0.0293,0.0293,0.0341,0.0329,0.0308,0.0308,0.0342,0.0336,0.0336,0.0303,0.0283,0.0283,0.0283,0.0319,0.0312,0.0312,0.0342,0.0342,0.0356,0.0336,0.0313,0.0276,0.0271,0.0276,0.0298,0.0292,0.0297,0.0329,0.0317,0.0287,0.0261,0.0267,0.0298,0.0312,0.0288,0.0287,0.0292,0.0292,0.0284,0.0287,0.0266,0.0255,0.0267,0.0298,0.0312,0.0304,0.0292,0.0292,0.0309,0.0292,0.0267,0.0283,0.0255,0.0283,0.0267,0.0271,0.0312,0.0312,0.0298,0.0309,0.0292,0.0292,0.0298,0.0271,0.0283,0.0267,0.0266,0.0266,0.0276,0.0283,0.0287,0.0298,0.0309,0.0298,0.0293,0.0283,0.0294,0.0288,0.026,0.026,0.026,0.0284,0.0304,0.0298,0.0315,0.0298,0.0298,0.0283,0.0268,0.0309,0.0294,0.0255,0.0266,0.0298,0.0298,0.0283,0.026,0.026,0.0244,0.0268,0.0256,0.0288,0.0275,0.0273,0.0271,0.0244,0.0244,0.0244,0.0244,0.0244,0.0256,0.0252,0.0252,0.0256,0.0282,0.0282,0.0304
MOD17A2H.A2015153.h12v02.006.2015301073504.Gpp_500m,MOD17A2H,A2015153,Lat66.02328333Lon-137.2492667Samp13Line13,2015301073504,Gpp_500m,0.009,0.0067,0.0247,0.0199,0.0079,0.0092,0.0129,0.0129,0.0051,0.009,0.0261,0.0273,0.0253,0.0204,0.014,0.0067,0.0149,0.0321,0.0326,0.0253,0.03,0.0309,0.0261,0.0305,0.0298,0.0239,0.0179,0.0278,0.0309,0.0253,0.0298,0.0347,0.0309,0.0298,0.029,0.0298,0.0273,0.0284,0.0223,0.0309,0.0324,0.0271,0.0239,0.0273,0.0293,0.0271,0.0273,0.0239,0.0207,0.0211,0.0158,0.0184,0.0247,0.0239,0.0281,0.025,0.0271,0.0183,0.0163,0.0207,0.0212,0.0199,0.0199,0.0187,0.0199,0.0278,0.025,0.0253,0.0273,0.0265,0.0158,0.0176,0.0176,0.0194,0.0195,0.0192,0.0247,0.0259,0.0258,0.0247,0.0265,0.0258,0.0204,0.0205,0.0205,0.0219,0.0192,0.0231,0.0259,0.0247,0.0224,0.0229,0.0187,0.0204,0.0161,0.0158,0.0219,0.0228,0.0247,0.0259,0.0208,0.0177,0.0177,0.0239,0.0163,0.0163,0.0176,0.0177,0.0254,0.0274,0.0259,0.0223,0.0239,0.0168,0.0215,0.0232,0.0234,0.0169,0.0173,0.0247,0.0274,0.0247,0.0247,0.0239,0.0254,0.0254,0.0254,0.0253,0.0232,0.0234,0.0234,0.0252,0.0228,0.0234,0.0247,0.0247,0.0259,0.0254,0.0267,0.0228,0.0235,0.0238,0.0233,0.0219,0.0234,0.0199,0.0196,0.026,0.0247,0.0212,0.0215,0.0223,0.022,0.022,0.0233,0.0236,0.0185,0.0199,0.0224,0.0208,0.0204,0.022,0.022,0.0212,0.022,0.0215,0.0233,0.0236,0.0253
MOD17A2H.A2015161.h12v02.006.2015301122757.Gpp_500m,MOD17A2H,A2015161,Lat66.02328333Lon-137.2492667Samp13Line13,2015301122757,Gpp_500m,0.0344,0.0358,0.0367,0.0327,0.033,0.0387,0.0397,0.0344,0.0169,0.0246,0.0383,0.0368,0.0273,0.0327,0.0327,0.0344,0.0469,0.05,0.05,0.0273,0.0307,0.0387,0.0307,0.0221,0.0301,0.0231,0.0378,0.0363,0.0374,0.0358,0.0264,0.027,0.0387,0.0405,0.0221,0.03,0.0294,0.0221,0.0206,0.0401,0.0382,0.035,0.027,0.0264,0.0246,0.0231,0.031,0.0334,0.0221,0.0206,0.0207,0.0161,0.0197,0.0354,0.0246,0.0231,0.0141,0.0324,0.0122,0.0128,0.0206,0.0183,0.0183,0.0229,0.0199,0.027,0.0231,0.0076,0.0246,0.0217,0.0293,0.0249,0.0132,0.017,0.0229,0.0202,0.0246,0.0283,0.0213,0.0246,0.0122,0.0231,0.017,0.017,0.0226,0.0198,0.024,0.0308,0.0332,0.0339,0.0277,0.0189,0.0189,0.0259,0.0283,0.027,0.0254,0.0332,0.0292,0.0344,0.0353,0.03,0.0258,0.0292,0.008,0.0263,0.0269,0.0246,0.0213,0.0292,0.0246,0.0075,0.03,0.0254,0.0263,0.0284,0.023,0.007,0.008,0.0213,0.0213,0.0188,0.0061,0.0037,0.007,0.0263,0.0263,0.0075,0.0263,0.0225,0.0229,0.0188,0.0188,0.007,0.007,0.007,0.0146,0.0117,0.0037,0.0225,F,F,0.0075,0.0188,0.0098,0.0075,0.0075,0.007,0.0061,0.0061,0.0259,F,F,0.0075,0.0037,0.0037,0.0075,0.007,0.0079,0.007,0.0126,F,F,F,0.0028,0.0028,0.0061,0.0033,F
MOD17A2H.A2015169.h12v02.006.2015301135859.Gpp_500m,MOD17A2H,A2015169,Lat66.02328333Lon-137.2492667Samp13Line13,2015301135859,Gpp_500m,0.0565,0.0544,0.0579,0.0571,0.0536,0.051,0.0536,0.0578,0.057,0.0557,0.061,0.0523,0.0509,0.0509,0.0509,0.0495,0.0707,0.0716,0.0659,0.0509,0.0509,0.0516,0.0523,0.0516,0.057,0.055,0.0495,0.0495,0.0461,0.0489,0.0543,0.0563,0.0523,0.0563,0.0543,0.0529,0.0543,0.0529,0.0509,0.0509,0.0529,0.0441,0.0563,0.0489,0.0509,0.0523,0.0529,0.0501,0.0529,0.0494,0.0482,0.0482,0.0435,0.0448,0.0557,0.0482,0.0489,0.0516,0.0516,0.055,0.0488,0.0536,0.0482,0.0488,0.0501,0.0523,0.0489,0.0489,0.0516,0.0529,0.055,0.0468,0.0536,0.0482,0.0475,0.0468,0.0482,0.0488,0.0509,0.0469,0.0529,0.0494,0.0468,0.0494,0.0488,0.0537,0.0462,0.0475,0.0488,0.0483,0.0468,0.0469,0.0468,0.0448,0.0475,0.0475,0.0522,0.0482,0.0475,0.0494,0.0483,0.0462,0.0462,0.0482,0.0468,0.0488,0.0461,0.0468,0.0475,0.0494,0.0494,0.0501,0.0494,0.0494,0.0482,0.0462,0.0435,0.0461,0.0462,0.0454,0.0462,0.0475,0.0509,0.0476,0.0494,0.0482,0.0476,0.0476,0.0476,0.0476,0.0454,0.0448,0.0462,0.0509,0.0487,0.0476,0.0476,0.0482,0.0476,0.0468,0.0442,0.0486,0.046,0.0462,0.0454,0.0487,0.0476,0.0462,0.0442,0.0461,0.0428,0.0442,0.0428,0.0428,0.0447,0.046,0.0441,0.042,0.0428,0.0442,0.042,0.042,0.0442,0.0435,0.0434,0.0453,0.046,0.046,0.0487
MOD17A2H.A2015177.h12v02.006.2015303020818.Gpp_500m,MOD17A2H,A2015177,Lat66.02328333Lon-137.2492667Samp13Line13,2015303020818,Gpp_500m,0.0375,0.0375,0.0257,0.0241,0.0483,0.0483,0.0494,0.0498,0.0473,0.0461,0.0173,0.0354,0.0257,0.0413,0.044,0.0209,0.0365,0.0267,0.0267,0.0473,0.0156,0.0318,0.0204,0.0166,0.0166,0.0157,0.0429,0.0327,0.0236,0.0209,0.0241,0.0241,0.0173,0.0173,0.015,0.0166,0.013,0.0133,0.0118,0.0236,0.0215,0.0215,0.0161,0.0161,0.0118,0.014,0.014,0.013,0.01,0.0118,0.0108,0.0085,0.0085,0.0069,0.0085,0.0069,0.0097,0.0101,0.0101,0.01,0.0124,0.0101,0.0318,0.0318,0.0274,0.0085,0.0069,0.0085,0.008,0.008,0.0124,0.0294,0.0349,0.0451,0.0451,0.0274,0.0328,0.0323,0.0085,0.0097,0.008,0.0322,0.0322,0.0435,0.0461,0.0451,0.0429,0.0435,0.0366,0.0419,0.0429,0.008,0.0327,0.0418,0.0435,0.0461,0.0461,0.0401,0.0354,0.0354,0.0385,0.0429,0.0425,0.0429,0.0418,0.0418,0.0398,0.0375,0.0375,0.0339,0.0354,0.0429,0.0441,0.0441,0.0441,0.0413,0.0397,0.0383,0.0371,0.0375,0.0339,0.0419,0.0426,0.0425,0.0429,0.0441,0.0413,0.0413,0.0413,0.0425,0.0375,0.0375,0.0413,0.0441,0.0435,0.0429,0.0419,0.0419,0.0413,0.0263,0.0425,0.0419,0.0354,0.0408,0.0441,0.0435,0.0435,0.041,0.0301,0.0108,0.0263,0.0182,0.0182,0.0215,0.0101,0.0192,0.0306,0.0253,0.0253,0.015,0.0301,0.0101,0.0101,0.0101,0.0101,0.0133,0.0296,0.0328,0.0133
MOD17A2H.A2015185.h12v02.006.2015303040439.Gpp_500m,MOD17A2H,A2015185,Lat66.02328333Lon-137.2492667Samp13Line13,2015303040439,Gpp_500m,0.0506,0.0474,0.0474,0.047,0.052,0.0481,0.0436,0.0569,0.0418,0.0418,0.0587,0.0418,0.0428,0.0422,0.0494,0.055,0.0678,0.0575,0.0602,0.0429,0.0493,0.0253,0.0442,0.0487,0.0475,0.0486,0.0436,0.0443,0.0422,0.0492,0.0537,0.0543,0.0493,0.0461,0.0461,0.0537,0.0449,0.0505,0.0428,0.0449,0.0492,0.0564,0.0512,0.0493,0.0475,0.0442,0.0442,0.0499,0.0499,0.046,0.0418,0.0411,0.0564,0.0543,0.0543,0.0512,0.0487,0.0505,0.0505,0.0492,0.0455,0.0428,0.0421,0.0435,0.0435,0.0525,0.0499,0.0487,0.0525,0.0442,0.0492,0.0556,0.0421,0.0435,0.0411,0.0455,0.0428,0.0484,0.0543,0.0543,0.0479,0.0492,0.0524,0.046,0.0505,0.0448,0.0403,0.0417,0.0473,0.0498,0.0498,0.0418,0.0479,0.0455,0.0455,0.0479,0.0428,0.0422,0.0422,0.0492,0.0523,0.0523,0.0498,0.0517,0.0479,0.0435,0.0417,0.0422,0.0422,0.0454,0.0453,0.0498,0.0504,0.0503,0.0477,0.0448,0.0472,0.0417,0.0417,0.0397,0.0549,0.0498,0.0484,0.0504,0.0517,0.0517,0.0485,0.0478,0.0417,0.0428,0.0383,0.0383,0.0498,0.0484,0.051,0.0485,0.0477,0.0485,0.0504,0.0471,0.0478,0.0433,0.0402,0.0442,0.0473,0.0435,0.0448,0.0477,0.0498,0.0478,0.0421,0.0453,0.0478,0.0391,0.0396,0.0515,0.0435,0.0448,0.0448,0.0472,0.0447,0.0471,0.0453,0.0453,0.0459,0.0459,0.0471,0.0491,0.0433
MOD17A2H.A2015193.h12v02.006.2015303094525.Gpp_500m,MOD17A2H,A2015193,Lat66.02328333Lon-137.2492667Samp13Line13,2015303094525,Gpp_500m,0.0199,0.0377,0.0337,0.0358,0.0372,0.0343,0.0342,0.027,F,0.0081,0.0342,0.0342,0.0338,0.028,0.0352,0.0246,0.043,0.043,0.043,0.0321,0.0261,0.0241,0.0342,0.0214,0.0342,0.0272,0.0276,0.0311,0.0392,0.025,0.028,0.0372,0.0241,0.0168,0.026,0.0342,0.0272,0.0332,0.0342,0.0261,0.0331,0.0261,0.0368,0.0419,0.0439,0.0378,0.0418,0.0389,0.0373,0.0342,0.0373,0.0353,0.0318,0.0424,0.045,0.045,0.0378,0.0385,0.0362,0.0369,0.0338,0.0385,0.04,0.042,0.04,0.0387,0.0388,0.0415,0.0385,0.0372,0.0317,0.0288,0.0338,0.044,0.042,0.04,0.0406,0.0406,0.0368,0.0359,0.0342,0.0393,0.026,0.026,0.0441,0.0441,0.0456,0.041,0.041,0.039,0.0406,0.0342,0.0292,0.0312,0.0379,0.039,0.042,0.039,0.0396,0.041,0.0396,0.0421,0.0396,0.0406,0.0353,0.0379,0.0375,0.04,0.0441,0.0456,0.0416,0.0406,0.0412,0.0396,0.0415,0.0391,0.0349,0.0386,0.042,0.042,0.0406,0.0406,0.0398,0.0398,0.0421,0.04,0.0375,0.0375,0.0375,0.0355,0.0415,0.041,0.0375,0.0406,0.0398,0.0412,0.039,0.0381,0.0396,0.0375,0.0318,0.0334,0.0346,0.0396,0.0396,0.0396,0.0375,0.0329,0.0381,0.0355,0.0319,0.0329,0.0334,0.0324,0.0339,0.0339,0.0345,0.0329,0.0345,0.0319,0.0346,0.0304,0.0329,0.0318,0.0346,0.0339,0.0346,0.0355,0.0339
MOD17A2H.A2015201.h12v02.006.2015304062323.Gpp_500m,MOD17A2H,A2015201,Lat66.02328333Lon-137.2492667Samp13Line13,2015304062323,Gpp_500m,0.0095,0.022,0.0364,0.0351,0.0216,0.022,0.0216,0.015,0.0468,0.0389,0.012,F,0.039,0.0455,0.0351,0.037,0.0431,0.0398,0.0559,0.0219,0.0229,0.0254,0.004,0.0091,0.0441,0.0395,0.0423,0.042,0.03,0.0075,0.0219,0.0075,0.0411,F,0.0389,0.0389,0.0385,0.0385,0.038,0.0438,0.042,0.0308,0.0476,0.0366,F,F,0.0389,0.0385,0.0385,0.038,0.038,0.038,0.0308,0.0269,0.0075,F,F,0.039,0.039,0.0391,0.0391,0.0391,0.037,0.037,0.0385,F,0.039,0.0389,0.039,0.0391,0.0391,0.0391,0.0391,0.037,0.037,0.0385,0.0385,0.0364,0.0379,0.0379,0.0391,0.0391,0.0391,0.0366,0.0366,0.038,0.038,0.0364,0.0364,0.0372,0.0372,0.038,0.0359,0.0359,0.0355,0.0355,0.0351,0.038,0.0364,0.0364,0.0372,0.0372,0.0349,0.0349,0.0345,0.0355,0.0355,0.0351,0.0351,0.0331,0.034,0.0335,0.0335,0.0375,0.0364,0.0364,0.0362,0.0366,0.0366,0.0331,0.0331,0.034,0.0305,0.0335,0.0375,0.0364,0.0364,0.0361,0.0362,0.0362,0.0364,0.0331,0.0305,0.0305,0.0356,0.0386,0.0375,0.0375,0.0361,0.0362,0.0341,0.0371,0.0356,0.03,0.03,0.0356,0.0386,0.0395,0.0375,0.0361,0.0362,0.0356,0.034,0.0385,0.0376,0.0391,0.0385,0.0375,0.0372,0.0364,0.0365,0.0356,0.0375,0.0376,0.0376,0.0376,0.0383,0.0385,0.0369
MOD17A2H.A2015209.h12v02.006.2015304080430.Gpp_500m,MOD17A2H,A2015209,Lat66.02328333Lon-137.2492667Samp13Line13,2015304080430,Gpp_500m,F,F,0.0067,0.0171,0.02,0.0067,0.0277,0.0362,0.0359,F,F,F,F,F,0.0349,0.0129,0.04,0.0442,0.0432,0.0359,F,F,0.0345,F,F,0.016,0.0349,0.0349,0.0335,0.0335,F,F,0.0292,0.0345,0.0349,0.0216,0.0234,0.0136,0.0136,0.0335,0.0363,0.0359,0.0331,0.0292,0.0349,0.0341,0.0081,0.0234,0.026,0.0237,F,0.0341,0.0305,0.0345,0.0359,0.0349,0.0349,0.0355,0.0067,0.0325,0.0237,0.0364,0.0341,0.035,0.035,0.0354,0.0345,0.0355,0.0355,0.0358,0.0358,0.0358,0.0364,0.0328,0.0336,0.0309,0.0341,0.035,0.0349,0.0349,0.0341,0.0318,0.0358,0.0272,0.0331,0.0364,0.0332,0.0341,0.036,0.0355,0.0364,0.0345,0.0335,0.0309,0.0331,0.027,0.0364,0.0346,0.0355,0.0364,0.0364,0.0364,0.0327,0.0301,0.0265,0.0331,0.031,0.0313,0.0346,0.0341,0.0341,0.0355,0.0364,0.035,0.0377,0.0325,0.0346,0.0296,0.0292,0.0306,0.0309,0.0338,0.0345,0.035,0.0341,0.0377,0.035,0.0332,0.0307,0.0333,0.0324,0.0327,0.0327,0.0345,0.035,0.035,0.0368,0.0333,0.0332,0.036,0.0305,0.031,0.0323,0.0324,0.0337,0.035,0.0351,0.0341,0.0368,0.0346,0.0346,0.0269,0.0274,0.0323,0.0323,0.0305,0.0337,0.0325,0.0328,0.0325,0.0338,0.0346,0.0237,0.0255,0.0286,0.0212,0.0108,F,0.0188
MOD17A2H.A2015217.h12v02.006.2015304082643.Gpp_500m,MOD17A2H,A2015217,Lat66.02328333Lon-137.2492667Samp13Line13,2015304082643,Gpp_500m,0.0329,0.0329,0.0317,0.0325,0.0352,0.0333,0.0334,0.0351,0.0359,0.0359,0.0337,0.0319,0.0299,0.0317,0.0311,0.031,0.0383,0.0376,0.0383,0.0328,0.0334,0.0299,0.0299,0.0319,0.0325,0.031,0.0298,0.0298,0.0319,0.031,0.0339,0.0348,0.0377,0.0337,0.0319,0.0317,0.031,0.0299,0.0284,0.0319,0.0334,0.0334,0.0319,0.0317,0.0348,0.0319,0.0302,0.0294,0.0294,0.0288,0.028,0.0299,0.0276,0.0299,0.0307,0.031,0.0299,0.0299,0.0317,0.0319,0.0328,0.0317,0.0299,0.0326,0.0325,0.0325,0.0319,0.0307,0.0317,0.031,0.0319,0.0328,0.0317,0.0317,0.031,0.0317,0.0317,0.032,0.0284,0.028,0.031,0.028,0.028,0.028,0.0328,0.0328,0.0317,0.0317,0.032,0.031,0.031,0.0277,0.0277,0.0294,0.0294,0.0299,0.0328,0.037,0.032,0.037,0.032,0.0316,0.0316,0.0316,0.0299,0.0294,0.0299,0.0289,0.0289,0.0318,0.031,0.031,0.0316,0.0316,0.0316,0.0316,0.0297,0.0293,0.0293,0.0284,0.0318,0.031,0.031,0.0316,0.0352,0.0352,0.032,0.0302,0.0302,0.0302,0.0284,0.0284,0.031,0.0316,0.0316,0.032,0.0325,0.032,0.032,0.0305,0.0306,0.0306,0.0302,0.0299,0.031,0.0316,0.032,0.032,0.032,0.0294,0.0294,0.0288,0.0283,0.0302,0.0306,0.0306,0.0293,0.0288,0.028,0.028,0.028,0.0288,0.0288,0.0288,0.0283,0.0296,0.0314,0.0314,0.0302
MOD17A2H.A2015225.h12v02.006.2015305185222.Gpp_500m,MOD17A2H,A2015225,Lat66.02328333Lon-137.2492667Samp13Line13,2015305185222,Gpp_500m,0.0262,0.0281,0.0275,0.0309,0.0291,0.0291,0.0308,0.0305,0.0255,0.0232,0.0258,0.0232,0.0232,0.0271,0.0271,0.0283,0.0364,0.0281,0.0314,0.0243,0.0214,0.0228,0.0218,0.0275,0.0228,0.021,0.0283,0.0259,0.0214,0.0185,0.0255,0.0287,0.0255,0.0218,0.0258,0.0239,0.0254,0.0235,0.0206,0.0262,0.0207,0.019,0.024,0.0199,0.0312,0.0275,0.0275,0.0272,0.0279,0.0218,0.0239,0.0288,0.0119,0.0164,0.0232,0.0232,0.0272,0.028,0.0272,0.0279,0.0279,0.0268,0.0272,0.0287,0.0293,0.0249,0.0272,0.0272,0.028,0.0279,0.0279,0.0272,0.0272,0.0274,0.0272,0.0272,0.0235,0.0274,0.0272,0.0336,0.0235,0.0272,0.0256,0.0246,0.0274,0.0274,0.0246,0.0246,0.0274,0.027,0.0245,0.0272,0.0254,0.0254,0.0246,0.0268,0.0268,0.0258,0.0191,0.0188,F,0.0145,0.0245,0.0302,0.0254,0.0248,0.0246,0.0206,0.0258,0.0231,0.0247,0.0175,0.0168,0.024,0.0302,0.0229,0.0229,0.0242,0.0206,0.0191,0.0191,0.0191,0.0159,0.0213,0.0213,0.0268,0.0324,0.0206,0.0206,0.0199,0.0148,0.0148,0.0227,0.0159,0.0162,0.0273,0.0278,0.0215,0.0198,0.0342,0.0198,0.0145,0.0144,0.0227,0.0247,0.0269,0.0256,0.022,0.0198,0.0234,0.0165,0.0173,0.019,0.0173,0.0214,0.0199,0.0278,0.0269,0.024,0.0165,0.0176,0.0198,0.019,0.019,0.0182,0.0214,0.0143,0.0136,0.0179
MOD17A2H.A2015233.h12v02.006.2015306022102.Gpp_500m,MOD17A2H,A2015233,Lat66.02328333Lon-137.2492667Samp13Line13,2015306022102,Gpp_500m,0.0156,0.0174,0.0188,0.0176,0.0166,0.0171,0.0177,0.0164,0.0195,0.0171,0.0171,0.0149,0.0149,0.0184,0.0164,0.0166,0.0185,0.017,0.0209,0.0151,0.0151,0.0148,0.0149,0.0155,0.0162,0.0162,0.0145,0.0148,0.0135,0.0158,0.0166,0.0166,0.0159,0.0155,0.0155,0.0155,0.0155,0.0141,0.0141,0.0162,0.0163,0.0154,0.017,0.0171,0.0155,0.0137,0.0137,0.0137,0.0145,0.0141,0.0137,0.0133,0.0135,0.0154,0.0161,0.0145,0.0127,0.0146,0.0137,0.0145,0.0139,0.0139,0.0139,0.0137,0.0162,0.0171,0.0137,0.0137,0.0146,0.0155,0.0155,0.0155,0.0145,0.0145,0.0142,0.0153,0.0153,0.0143,0.0137,0.0137,0.0128,0.0116,0.0112,0.013,0.0142,0.0142,0.0139,0.0137,0.0143,0.0143,0.0137,0.0123,0.013,0.0112,0.0112,0.0137,0.0153,0.0142,0.0137,0.0139,0.0143,0.0143,0.0137,0.014,0.0127,0.0123,0.0123,0.0119,0.0142,0.0139,0.0139,0.0139,0.0139,0.0137,0.014,0.0137,0.0155,0.0128,0.0119,0.0127,0.0143,0.015,0.0139,0.0139,0.0146,0.0146,0.014,0.0143,0.0153,0.014,0.013,0.0133,0.0123,0.0137,0.0139,0.0143,0.014,0.014,0.0143,0.0153,0.014,0.014,0.0137,0.0123,0.0137,0.0139,0.014,0.0128,0.014,0.014,0.013,0.013,0.0125,0.0137,0.0135,0.0135,0.0137,0.0121,0.0128,0.0117,0.0119,0.0119,0.0129,0.0125,0.0126,0.0126,0.0137,0.0137,0.0144
MOD17A2H.A2015241.h12v02.006.2015306025614.Gpp_500m,MOD17A2H,A2015241,Lat66.02328333Lon-137.2492667Samp13Line13,2015306025614,Gpp_500m,0.0032,0.0026,0.0048,0.0048,0.0033,0.0033,0.0033,0.0034,0.005,0.005,0.0041,0.0041,0.0023,0.0048,0.0048,0.0048,0.0042,0.0056,0.0056,0.005,0.005,0.0041,0.0019,F,F,F,0.0048,0.0022,0.0022,0.0042,0.0042,0.0041,0.0041,0.0023,F,0.0023,0.0012,F,F,0.004,0.0042,0.0034,0.0041,0.0019,0.0023,0.0023,0.0012,0.0012,0.0012,0.0019,0.0019,0.0009,0.0034,0.0023,0.0019,0.0012,0.0012,0.0023,0.0023,0.0032,0.0032,0.0032,0.0009,0.003,0.0035,0.0019,0.0019,0.0026,0.0026,0.0046,0.0046,0.0036,0.0032,0.0036,0.003,0.0041,0.0041,0.0032,0.0023,0.0012,0.0012,F,0.0036,0.003,0.0036,0.0046,0.0046,0.0049,0.0049,0.0033,0.0033,0.0046,0.0031,0.0031,0.003,0.003,0.0046,0.0046,0.0049,0.0049,0.0049,0.0049,0.0049,0.0049,0.0035,0.0035,0.0046,0.0046,0.0049,0.0049,0.005,0.005,0.0057,0.0057,0.0056,0.0056,0.0047,0.0035,0.0043,0.0049,0.0049,0.0049,0.0056,0.0056,0.0062,0.0062,0.0047,0.0047,0.0031,0.0031,0.0046,0.0049,0.005,0.005,0.0059,0.0059,0.0049,0.0049,0.0033,0.0031,0.0029,0.0029,0.0029,0.005,0.0057,0.0057,0.0035,0.0035,0.0035,0.0033,0.0029,0.0029,0.0029,0.0029,0.0029,0.0029,0.0035,0.0035,0.0035,0.0033,0.0033,0.0029,0.0029,F,0.0029,0.0029,F,F,F
MOD17A2H.A2015249.h12v02.006.2015306032514.Gpp_500m,MOD17A2H,A2015249,Lat66.02328333Lon-137.2492667Samp13Line13,2015306032514,Gpp_500m,0.0102,0.0107,0.0104,0.0104,0.0092,0.0083,0.0101,0.011,0.011,0.0101,0.0101,0.0094,0.0103,0.0097,0.0083,0.0083,0.0107,0.011,0.011,0.0075,0.0086,0.0103,0.0101,0.0113,0.0098,0.0098,0.0097,0.0092,0.0086,0.0101,0.0101,0.0103,0.0103,0.0101,0.0113,0.0096,0.0086,0.0086,0.0083,0.0094,0.0101,0.009,0.0103,0.0101,0.0101,0.0094,0.0083,0.0086,0.0086,0.0086,0.0084,0.0088,0.0083,0.0097,0.0097,0.0113,0.009,0.0083,0.0086,0.0103,0.0103,0.0103,0.0088,0.0091,0.0091,0.0101,0.0098,0.0096,0.0106,0.0103,0.0103,0.0084,0.0103,0.0086,0.0084,0.0084,0.0109,0.0103,0.0098,0.009,0.0079,0.0079,0.0084,0.0084,0.0103,0.0103,0.0098,0.0111,0.0112,0.01,0.0096,0.0079,0.0079,0.0084,0.0084,0.0093,0.0103,0.0114,0.0103,0.0109,0.01,0.0103,0.0091,0.0101,0.0086,0.0084,0.0093,0.0105,0.0103,0.0098,0.0095,0.0103,0.0103,0.0098,0.0091,0.0097,0.0103,0.0086,0.0092,0.0095,0.0091,0.0095,0.0095,0.0098,0.0098,0.0101,0.0097,0.0103,0.0103,0.0101,0.0096,0.0091,0.0091,0.0084,0.0109,0.0098,0.0101,0.0097,0.0103,0.0097,0.0096,0.0086,0.0092,0.0084,0.0086,0.0109,0.0097,0.0086,0.0084,0.0086,0.0084,0.0084,0.0086,0.0084,0.0084,0.0084,0.0095,0.0091,0.0086,0.0079,0.0084,0.0084,0.0084,0.0084,0.0084,0.0084,0.0084,0.0083,0.0096
MOD17A2H.A2015257.h12v02.006.2015306035222.Gpp_500m,MOD17A2H,A2015257,Lat66.02328333Lon-137.2492667Samp13Line13,2015306035222,Gpp_500m,F,F,F,F,0.0006,0.0006,F,F,F,F,F,F,F,0.0006,0.0006,0.0006,0.001,0.001,0.001,F,F,F,F,F,F,F,0.0006,0.0006,0.0006,F,F,F,F,F,F,F,F,F,F,0.0006,0.0006,0.0006,F,F,F,F,F,F,F,F,F,F,0.0006,0.0006,F,F,F,F,F,F,F,F,F,F,F,F,F,F,F,F,F,F,F,F,F,F,F,F,F,F,F,F,F,F,0.0006,F,F,F,F,F,F,F,F,F,F,F,F,F,F,F,F,F,F,F,F,F,F,F,F,F,F,F,F,F,F,F,F,F,F,F,F,F,F,F,F,F,F,F,F,F,F,F,F,F,F,F,F,F,F,F,F,F,F,F,F,F,F,F,F,F,F,F,F,F,F,F,F,F,F,F,F,F,F,F,F,F,F,F,F
MOD17A2H.A2015265.h12v02.006.2015307054017.Gpp_500m,MOD17A2H,A2015265,Lat66.02328333Lon-137.2492667Samp13Line13,2015307054017,Gpp_500m,0.0002,0.0002,0.0002,0.0002,0.0002,0.0002,0.0002,0.0002,F,0.0002,F,F,F,0.0002,0.0002,0.0002,0.0002,0.0002,0.0002,0.0002,0.0002,0.0002,0.0002,F,F,0.0002,0.0002,0.0002,0.0002,F,0.0002,0.0002,F,F,0.0002,F,F,F,F,0.0002,F,0.0002,0.0002,F,F,0.0002,0.0002,0.0002,F,F,F,F,0.0002,0.0002,F,0.0002,0.0002,F,F,F,F,F,F,F,F,0.0002,0.0002,F,F,F,F,F,F,F,F,F,F,F,F,0.0002,0.0002,0.0002,0.0002,F,F,F,0.0002,F,F,F,F,0.0002,0.0002,0.0002,F,F,0.0002,0.0002,0.0002,0.0002,F,F,F,0.0002,F,F,0.0002,0.0002,0.0002,0.0002,0.0002,F,F,F,F,F,0.0002,0.0002,0.0002,0.0002,0.0002,0.0002,F,F,F,F,F,F,F,F,0.0002,0.0002,0.0002,0.0002,0.0002,0.0002,F,0.0002,F,F,F,F,0.0002,0.0002,0.0002,0.0002,0.0002,0.0002,0.0002,0.0002,0.0002,0.0002,0.0002,0.0009,0.0002,0.0002,0.0002,0.0002,0.0002,0.0002,0.0002,0.0002,0.0002,0.0002,0.0002,0.0002,0.0002,F,0.0009
MOD17A2H.A2015273.h12v02.006.2015307130138.Gpp_500m,MOD17A2H,A2015273,Lat66.02328333Lon-137.2492667Samp13Line13,2015307130138,Gpp_500m,F,F,F,F,F,0.0002,F,0.0002,0.0002,F,F,0.0002,0.0002,F,0.0002,0.0002,0.0004,0.0002,0.0002,0.0002,0.0002,F,0.0002,F,F,F,0.0002,0.0002,0.0002,F,F,F,F,F,F,F,F,F,0.0002,F,F,F,F,F,F,F,F,0.0002,F,F,F,F,0.0002,F,F,F,F,F,F,F,F,F,F,F,F,F,F,F,F,F,F,F,F,F,0.0002,0.0002,0.0002,F,F,F,0.0002,0.0002,0.0002,F,F,F,F,0.0002,F,F,F,0.0002,0.0002,F,F,F,F,F,F,F,F,F,F,0.0002,F,F,0.0002,0.0002,F,F,F,F,F,0.0002,F,F,0.0002,0.0002,0.0002,0.0002,0.0002,F,F,F,F,F,F,F,F,F,F,F,F,F,F,F,F,F,F,F,F,F,F,F,F,F,F,F,F,F,F,0.0002,F,F,0.0002,F,F,F,0.0002,0.0002,0.0002,F,0.0002,0.0002,0.0002,0.0002,0.0002,0.0002,0.0002
MOD17A2H.A2015281.h12v02.006.2015307151822.Gpp_500m,MOD17A2H,A2015281,Lat66.02328333Lon-137.2492667Samp13Line13,2015307151822,Gpp_500m,F,F,F,F,F,F,F,F,F,F,F,F,F,F,F,F,F,F,F,F,F,F,F,F,F,F,F,F,F,F,F,F,F,F,F,F,F,F,F,F,F,F,F,F,F,F,F,F,F,F,F,F,F,F,F,F,F,F,F,F,F,F,F,F,F,F,F,F,F,F,F,F,F,F,F,F,F,F,F,F,F,F,F,F,F,F,F,F,F,F,F,F,F,F,F,F,F,F,F,F,F,F,F,F,F,F,F,F,F,F,F,F,F,F,F,F,F,F,F,F,F,F,F,F,F,F,F,F,F,F,F,F,F,F,F,F,F,F,F,F,F,F,F,F,F,F,F,F,F,F,F,F,F,F,F,F,F,F,F,F,F,F,F,F,F,F,F,F,F
MOD17A2H.A2015289.h12v02.006.2015317201658.Gpp_500m,MOD17A2H,A2015289,Lat66.02328333Lon-137.2492667Samp13Line13,2015317201658,Gpp_500m,F,F,F,F,F,F,F,F,F,F,F,F,F,F,F,F,F,F,F,F,F,F,F,F,F,F,F,F,F,F,F,F,F,F,F,F,F,F,F,F,F,F,F,F,F,F,F,F,F,F,F,F,F,F,F,F,F,F,F,F,F,F,F,F,F,F,F,F,F,F,F,F,F,F,F,F,F,F,F,F,F,F,F,F,F,F,F,F,F,F,F,F,F,F,F,F,F,F,F,F,F,F,F,F,F,F,F,F,F,F,F,F,F,F,F,F,F,F,F,F,F,F,F,F,F,F,F,F,F,F,F,F,F,F,F,F,F,F,F,F,F,F,F,F,F,F,F,F,F,F,F,F,F,F,F,F,F,F,F,F,F,F,F,F,F,F,F,F,F
MOD17A2H.A2015297.h12v02.006.2015318031748.Gpp_500m,MOD17A2H,A2015297,Lat66.02328333Lon-137.2492667Samp13Line13,2015318031748,Gpp_500m,F,F,F,F,F,F,F,F,F,F,F,F,F,F,F,F,F,F,F,F,F,F,F,F,F,F,F,F,F,F,F,F,F,F,F,F,F,F,F,F,F,F,F,F,F,F,F,F,F,F,F,F,F,F,F,F,F,F,F,F,F,F,F,F,F,F,F,F,F,F,F,F,F,F,F,F,F,F,F,F,F,F,F,F,F,F,F,F,F,F,F,F,F,F,F,F,F,F,F,F,F,F,F,F,F,F,F,F,F,F,F,F,F,F,F,F,F,F,F,F,F,F,F,F,F,F,F,F,F,F,F,F,F,F,F,F,F,F,F,F,F,F,F,F,F,F,F,F,F,F,F,F,F,F,F,F,F,F,F,F,F,F,F,F,F,F,F,F,F
MOD17A2H.A2015305.h12v02.006.2015334230645.Gpp_500m,MOD17A2H,A2015305,Lat66.02328333Lon-137.2492667Samp13Line13,2015334230645,Gpp_500m,F,F,F,F,F,F,F,F,F,F,F,F,F,F,F,F,F,F,F,F,F,F,F,F,F,F,F,F,F,F,F,F,F,F,F,F,F,F,F,F,F,F,F,F,F,F,F,F,F,F,F,F,F,F,F,F,F,F,F,F,F,F,F,F,F,F,F,F,F,F,F,F,F,F,F,F,F,F,F,F,F,F,F,F,F,F,F,F,F,F,F,F,F,F,F,F,F,F,F,F,F,F,F,F,F,F,F,F,F,F,F,F,F,F,F,F,F,F,F,F,F,F,F,F,F,F,F,F,F,F,F,F,F,F,F,F,F,F,F,F,F,F,F,F,F,F,F,F,F,F,F,F,F,F,F,F,F,F,F,F,F,F,F,F,F,F,F,F,F
MOD17A2H.A2015313.h12v02.006.2015341163036.Gpp_500m,MOD17A2H,A2015313,Lat66.02328333Lon-137.2492667Samp13Line13,2015341163036,Gpp_500m,F,F,F,F,F,F,F,F,F,F,F,F,F,F,F,F,F,F,F,F,F,F,F,F,F,F,F,F,F,F,F,F,F,F,F,F,F,F,F,F,F,F,F,F,F,F,F,F,F,F,F,F,F,F,F,F,F,F,F,F,F,F,F,F,F,F,F,F,F,F,F,F,F,F,F,F,F,F,F,F,F,F,F,F,F,F,F,F,F,F,F,F,F,F,F,F,F,F,F,F,F,F,F,F,F,F,F,F,F,F,F,F,F,F,F,F,F,F,F,F,F,F,F,F,F,F,F,F,F,F,F,F,F,F,F,F,F,F,F,F,F,F,F,F,F,F,F,F,F,F,F,F,F,F,F,F,F,F,F,F,F,F,F,F,F,F,F,F,F
MOD17A2H.A2015321.h12v02.006.2015342185804.Gpp_500m,MOD17A2H,A2015321,Lat66.02328333Lon-137.2492667Samp13Line13,2015342185804,Gpp_500m,F,F,F,F,F,F,F,F,F,F,F,F,F,F,F,F,F,F,F,F,F,F,F,F,F,F,F,F,F,F,F,F,F,F,F,F,F,F,F,F,F,F,F,F,F,F,F,F,F,F,F,F,F,F,F,F,F,F,F,F,F,F,F,F,F,F,F,F,F,F,F,F,F,F,F,F,F,F,F,F,F,F,F,F,F,F,F,F,F,F,F,F,F,F,F,F,F,F,F,F,F,F,F,F,F,F,F,F,F,F,F,F,F,F,F,F,F,F,F,F,F,F,F,F,F,F,F,F,F,F,F,F,F,F,F,F,F,F,F,F,F,F,F,F,F,F,F,F,F,F,F,F,F,F,F,F,F,F,F,F,F,F,F,F,F,F,F,F,F
MOD17A2H.A2015329.h12v02.006.2017340210310.Gpp_500m,MOD17A2H,A2015329,Lat66.02328333Lon-137.2492667Samp13Line13,2017340210310,Gpp_500m,F,F,F,F,F,F,F,F,F,F,F,F,F,F,F,F,F,F,F,F,F,F,F,F,F,F,F,F,F,F,F,F,F,F,F,F,F,F,F,F,F,F,F,F,F,F,F,F,F,F,F,F,F,F,F,F,F,F,F,F,F,F,F,F,F,F,F,F,F,F,F,F,F,F,F,F,F,F,F,F,F,F,F,F,F,F,F,F,F,F,F,F,F,F,F,F,F,F,F,F,F,F,F,F,F,F,F,F,F,F,F,F,F,F,F,F,F,F,F,F,F,F,F,F,F,F,F,F,F,F,F,F,F,F,F,F,F,F,F,F,F,F,F,F,F,F,F,F,F,F,F,F,F,F,F,F,F,F,F,F,F,F,F,F,F,F,F,F,F
MOD17A2H.A2015337.h12v02.006.2017340220546.Gpp_500m,MOD17A2H,A2015337,Lat66.02328333Lon-137.2492667Samp13Line13,2017340220546,Gpp_500m,F,F,F,F,F,F,F,F,F,F,F,F,F,F,F,F,F,F,F,F,F,F,F,F,F,F,F,F,F,F,F,F,F,F,F,F,F,F,F,F,F,F,F,F,F,F,F,F,F,F,F,F,F,F,F,F,F,F,F,F,F,F,F,F,F,F,F,F,F,F,F,F,F,F,F,F,F,F,F,F,F,F,F,F,F,F,F,F,F,F,F,F,F,F,F,F,F,F,F,F,F,F,F,F,F,F,F,F,F,F,F,F,F,F,F,F,F,F,F,F,F,F,F,F,F,F,F,F,F,F,F,F,F,F,F,F,F,F,F,F,F,F,F,F,F,F,F,F,F,F,F,F,F,F,F,F,F,F,F,F,F,F,F,F,F,F,F,F,F
MOD17A2H.A2015345.h12v02.006.2021103150437.Gpp_500m,MOD17A2H,A2015345,Lat66.02328333Lon-137.2492667Samp13Line13,2021103150437,Gpp_500m,F,F,F,F,F,F,F,F,F,F,F,F,F,F,F,F,F,F,F,F,F,F,F,F,F,F,F,F,F,F,F,F,F,F,F,F,F,F,F,F,F,F,F,F,F,F,F,F,F,F,F,F,F,F,F,F,F,F,F,F,F,F,F,F,F,F,F,F,F,F,F,F,F,F,F,F,F,F,F,F,F,F,F,F,F,F,F,F,F,F,F,F,F,F,F,F,F,F,F,F,F,F,F,F,F,F,F,F,F,F,F,F,F,F,F,F,F,F,F,F,F,F,F,F,F,F,F,F,F,F,F,F,F,F,F,F,F,F,F,F,F,F,F,F,F,F,F,F,F,F,F,F,F,F,F,F,F,F,F,F,F,F,F,F,F,F,F,F,F
MOD17A2H.A2015353.h12v02.006.2017341003443.Gpp_500m,MOD17A2H,A2015353,Lat66.02328333Lon-137.2492667Samp13Line13,2017341003443,Gpp_500m,F,F,F,F,F,F,F,F,F,F,F,F,F,F,F,F,F,F,F,F,F,F,F,F,F,F,F,F,F,F,F,F,F,F,F,F,F,F,F,F,F,F,F,F,F,F,F,F,F,F,F,F,F,F,F,F,F,F,F,F,F,F,F,F,F,F,F,F,F,F,F,F,F,F,F,F,F,F,F,F,F,F,F,F,F,F,F,F,F,F,F,F,F,F,F,F,F,F,F,F,F,F,F,F,F,F,F,F,F,F,F,F,F,F,F,F,F,F,F,F,F,F,F,F,F,F,F,F,F,F,F,F,F,F,F,F,F,F,F,F,F,F,F,F,F,F,F,F,F,F,F,F,F,F,F,F,F,F,F,F,F,F,F,F,F,F,F,F,F
MOD17A2H.A2015361.h12v02.006.2017341011354.Gpp_500m,MOD17A2H,A2015361,Lat66.02328333Lon-137.2492667Samp13Line13,2017341011354,Gpp_500m,F,F,F,F,F,F,F,F,F,F,F,F,F,F,F,F,F,F,F,F,F,F,F,F,F,F,F,F,F,F,F,F,F,F,F,F,F,F,F,F,F,F,F,F,F,F,F,F,F,F,F,F,F,F,F,F,F,F,F,F,F,F,F,F,F,F,F,F,F,F,F,F,F,F,F,F,F,F,F,F,F,F,F,F,F,F,F,F,F,F,F,F,F,F,F,F,F,F,F,F,F,F,F,F,F,F,F,F,F,F,F,F,F,F,F,F,F,F,F,F,F,F,F,F,F,F,F,F,F,F,F,F,F,F,F,F,F,F,F,F,F,F,F,F,F,F,F,F,F,F,F,F,F,F,F,F,F,F,F,F,F,F,F,F,F,F,F,F,F
MOD17A2H.A2016001.h12v02.006.2016203195759.Gpp_500m,MOD17A2H,A2016001,Lat66.02328333Lon-137.2492667Samp13Line13,2016203195759,Gpp_500m,F,F,F,F,F,F,F,F,F,F,F,F,F,F,F,F,F,F,F,F,F,F,F,F,F,F,F,F,F,F,F,F,F,F,F,F,F,F,F,F,F,F,F,F,F,F,F,F,F,F,F,F,F,F,F,F,F,F,F,F,F,F,F,F,F,F,F,F,F,F,F,F,F,F,F,F,F,F,F,F,F,F,F,F,F,F,F,F,F,F,F,F,F,F,F,F,F,F,F,F,F,F,F,F,F,F,F,F,F,F,F,F,F,F,F,F,F,F,F,F,F,F,F,F,F,F,F,F,F,F,F,F,F,F,F,F,F,F,F,F,F,F,F,F,F,F,F,F,F,F,F,F,F,F,F,F,F,F,F,F,F,F,F,F,F,F,F,F,F
MOD17A2H.A2016009.h12v02.006.2016203210546.Gpp_500m,MOD17A2H,A2016009,Lat66.02328333Lon-137.2492667Samp13Line13,2016203210546,Gpp_500m,F,F,F,F,F,F,F,F,F,F,F,F,F,F,F,F,F,F,F,F,F,F,F,F,F,F,F,F,F,F,F,F,F,F,F,F,F,F,F,F,F,F,F,F,F,F,F,F,F,F,F,F,F,F,F,F,F,F,F,F,F,F,F,F,F,F,F,F,F,F,F,F,F,F,F,F,F,F,F,F,F,F,F,F,F,F,F,F,F,F,F,F,F,F,F,F,F,F,F,F,F,F,F,F,F,F,F,F,F,F,F,F,F,F,F,F,F,F,F,F,F,F,F,F,F,F,F,F,F,F,F,F,F,F,F,F,F,F,F,F,F,F,F,F,F,F,F,F,F,F,F,F,F,F,F,F,F,F,F,F,F,F,F,F,F,F,F,F,F
MOD17A2H.A2016017.h12v02.006.2016203220220.Gpp_500m,MOD17A2H,A2016017,Lat66.02328333Lon-137.2492667Samp13Line13,2016203220220,Gpp_500m,F,F,F,F,F,F,F,F,F,F,F,F,F,F,F,F,F,F,F,F,F,F,F,F,F,F,F,F,F,F,F,F,F,F,F,F,F,F,F,F,F,F,F,F,F,F,F,F,F,F,F,F,F,F,F,F,F,F,F,F,F,F,F,F,F,F,F,F,F,F,F,F,F,F,F,F,F,F,F,F,F,F,F,F,F,F,F,F,F,F,F,F,F,F,F,F,F,F,F,F,F,F,F,F,F,F,F,F,F,F,F,F,F,F,F,F,F,F,F,F,F,F,F,F,F,F,F,F,F,F,F,F,F,F,F,F,F,F,F,F,F,F,F,F,F,F,F,F,F,F,F,F,F,F,F,F,F,F,F,F,F,F,F,F,F,F,F,F,F
MOD17A2H.A2016025.h12v02.006.2016203224955.Gpp_500m,MOD17A2H,A2016025,Lat66.02328333Lon-137.2492667Samp13Line13,2016203224955,Gpp_500m,F,F,F,F,F,F,F,F,F,F,F,F,F,F,F,F,F,F,F,F,F,F,F,F,F,F,F,F,F,F,F,F,F,F,F,F,F,F,F,F,F,F,F,F,F,F,F,F,F,F,F,F,F,F,F,F,F,F,F,F,F,F,F,F,F,F,F,F,F,F,F,F,F,F,F,F,F,F,F,F,F,F,F,F,F,F,F,F,F,F,F,F,F,F,F,F,F,F,F,F,F,F,F,F,F,F,F,F,F,F,F,F,F,F,F,F,F,F,F,F,F,F,F,F,F,F,F,F,F,F,F,F,F,F,F,F,F,F,F,F,F,F,F,F,F,F,F,F,F,F,F,F,F,F,F,F,F,F,F,F,F,F,F,F,F,F,F,F,F
MOD17A2H.A2016033.h12v02.006.2016203234210.Gpp_500m,MOD17A2H,A2016033,Lat66.02328333Lon-137.2492667Samp13Line13,2016203234210,Gpp_500m,F,F,F,F,F,F,F,F,F,F,F,F,F,F,F,F,F,F,F,F,F,F,F,F,F,F,F,F,F,F,F,F,F,F,F,F,F,F,F,F,F,F,F,F,F,F,F,F,F,F,F,F,F,F,F,F,F,F,F,F,F,F,F,F,F,F,F,F,F,F,F,F,F,F,F,F,F,F,F,F,F,F,F,F,F,F,F,F,F,F,F,F,F,F,F,F,F,F,F,F,F,F,F,F,F,F,F,F,F,F,F,F,F,F,F,F,F,F,F,F,F,F,F,F,F,F,F,F,F,F,F,F,F,F,F,F,F,F,F,F,F,F,F,F,F,F,F,F,F,F,F,F,F,F,F,F,F,F,F,F,F,F,F,F,F,F,F,F,F
MOD17A2H.A2016041.h12v02.006.2016204003705.Gpp_500m,MOD17A2H,A2016041,Lat66.02328333Lon-137.2492667Samp13Line13,2016204003705,Gpp_500m,F,F,F,F,F,F,F,F,F,F,F,F,F,F,F,F,F,F,F,F,F,F,F,F,F,F,F,F,F,F,F,F,F,F,F,F,F,F,F,F,F,F,F,F,F,F,F,F,F,F,F,F,F,F,F,F,F,F,F,F,F,F,F,F,F,F,F,F,F,F,F,F,F,F,F,F,F,F,F,F,F,F,F,F,F,F,F,F,F,F,F,F,F,F,F,F,F,F,F,F,F,F,F,F,F,F,F,F,F,F,F,F,F,F,F,F,F,F,F,F,F,F,F,F,F,F,F,F,F,F,F,F,F,F,F,F,F,F,F,F,F,F,F,F,F,F,F,F,F,F,F,F,F,F,F,F,F,F,F,F,F,F,F,F,F,F,F,F,F
MOD17A2H.A2016049.h12v02.006.2016204011848.Gpp_500m,MOD17A2H,A2016049,Lat66.02328333Lon-137.2492667Samp13Line13,2016204011848,Gpp_500m,F,F,F,F,F,F,F,F,F,F,F,F,F,F,F,F,F,F,F,F,F,F,F,F,F,F,F,F,F,F,F,F,F,F,F,F,F,F,F,F,F,F,F,F,F,F,F,F,F,F,F,F,F,F,F,F,F,F,F,F,F,F,F,F,F,F,F,F,F,F,F,F,F,F,F,F,F,F,F,F,F,F,F,F,F,F,F,F,F,F,F,F,F,F,F,F,F,F,F,F,F,F,F,F,F,F,F,F,F,F,F,F,F,F,F,F,F,F,F,F,F,F,F,F,F,F,F,F,F,F,F,F,F,F,F,F,F,F,F,F,F,F,F,F,F,F,F,F,F,F,F,F,F,F,F,F,F,F,F,F,F,F,F,F,F,F,F,F,F
MOD17A2H.A2016057.h12v02.006.2016204015926.Gpp_500m,MOD17A2H,A2016057,Lat66.02328333Lon-137.2492667Samp13Line13,2016204015926,Gpp_500m,F,F,F,F,F,F,F,F,F,F,F,F,F,F,F,F,F,F,F,F,F,F,F,F,F,F,F,F,F,F,F,F,F,F,F,F,F,F,F,F,F,F,F,F,F,F,F,F,F,F,F,F,F,F,F,F,F,F,F,F,F,F,F,F,F,F,F,F,F,F,F,F,F,F,F,F,F,F,F,F,F,F,F,F,F,F,F,F,F,F,F,F,F,F,F,F,F,F,F,F,F,F,F,F,F,F,F,F,F,F,F,F,F,F,F,F,F,F,F,F,F,F,F,F,F,F,F,F,F,F,F,F,F,F,F,F,F,F,F,F,F,F,F,F,F,F,F,F,F,F,F,F,F,F,F,F,F,F,F,F,F,F,F,F,F,F,F,F,F
MOD17A2H.A2016065.h12v02.006.2016204024927.Gpp_500m,MOD17A2H,A2016065,Lat66.02328333Lon-137.2492667Samp13Line13,2016204024927,Gpp_500m,F,F,F,F,F,F,F,F,F,F,F,F,F,F,F,F,F,0,F,0,F,F,F,F,F,F,F,F,F,F,F,F,F,F,F,F,F,F,F,F,F,F,F,F,F,F,F,F,F,F,F,F,F,F,F,F,F,F,F,F,F,F,F,F,F,F,F,F,F,F,F,F,F,F,F,F,F,F,F,F,F,F,F,F,F,F,F,F,F,F,F,F,F,F,F,F,F,F,F,F,F,F,F,F,F,F,F,F,F,F,F,F,F,F,F,F,F,F,F,F,F,F,F,F,F,F,F,F,F,F,F,F,F,F,F,F,F,F,F,F,F,F,F,F,F,F,F,F,F,F,F,F,F,F,F,F,F,F,F,F,F,F,F,F,F,F,F,F,F
MOD17A2H.A2016073.h12v02.006.2016204032823.Gpp_500m,MOD17A2H,A2016073,Lat66.02328333Lon-137.2492667Samp13Line13,2016204032823,Gpp_500m,F,F,F,F,F,F,F,F,F,F,F,F,F,F,F,F,F,F,F,F,F,F,F,F,F,F,F,F,F,F,F,F,F,F,F,F,F,F,F,F,F,F,F,F,F,F,F,F,F,F,F,F,F,F,F,F,F,F,F,F,F,F,F,F,F,F,F,F,F,F,F,F,F,F,F,F,F,F,F,F,F,F,F,F,F,F,F,F,F,F,F,F,F,F,F,F,F,F,F,F,F,F,F,F,F,F,F,F,F,F,F,F,F,F,F,F,F,F,F,F,F,F,F,F,F,F,F,F,F,F,F,F,F,F,F,F,F,F,F,F,F,F,F,F,F,F,F,F,F,F,F,F,F,F,F,F,F,F,F,F,F,F,F,F,F,F,F,F,F
MOD17A2H.A2016081.h12v02.006.2016204041340.Gpp_500m,MOD17A2H,A2016081,Lat66.02328333Lon-137.2492667Samp13Line13,2016204041340,Gpp_500m,F,F,F,F,F,F,F,F,F,F,F,F,F,F,F,F,F,0.0001,0.0001,F,F,F,F,F,F,F,F,F,F,F,F,F,F,F,F,F,F,F,F,F,F,F,F,F,F,F,F,F,F,F,F,F,F,F,F,F,F,F,F,F,F,F,F,F,F,F,F,F,F,F,F,F,F,F,F,F,F,F,F,F,F,F,F,F,F,F,F,F,F,F,F,F,F,F,F,F,F,F,F,F,F,F,F,F,F,F,F,F,F,F,F,F,F,F,F,F,F,F,F,F,F,F,F,F,F,F,F,F,F,F,F,F,F,F,F,F,F,F,F,F,F,F,F,F,F,F,F,F,F,F,F,F,F,F,F,F,F,F,F,F,F,F,F,F,F,F,F,F,F
MOD17A2H.A2016089.h12v02.006.2016204051052.Gpp_500m,MOD17A2H,A2016089,Lat66.02328333Lon-137.2492667Samp13Line13,2016204051052,Gpp_500m,F,F,F,F,F,F,F,F,F,F,F,F,F,F,F,F,F,0,F,F,F,F,F,F,F,F,F,F,F,F,F,F,F,F,F,F,F,F,F,F,F,F,F,F,F,F,F,F,F,F,F,F,F,F,F,F,F,F,F,F,F,F,F,F,F,F,F,F,F,F,F,F,F,F,F,F,F,F,F,F,F,F,F,F,F,F,F,F,F,F,F,F,F,F,F,F,F,F,F,F,F,F,F,F,F,F,F,F,F,F,F,F,F,F,F,F,F,F,F,F,F,F,F,F,F,F,F,F,F,F,F,F,F,F,F,F,F,F,F,F,F,F,F,F,F,F,F,F,F,F,F,F,F,F,F,F,F,F,F,F,F,F,F,F,F,F,F,F,F
MOD17A2H.A2016097.h12v02.006.2016204054514.Gpp_500m,MOD17A2H,A2016097,Lat66.02328333Lon-137.2492667Samp13Line13,2016204054514,Gpp_500m,F,F,F,F,F,F,F,F,F,F,F,F,F,F,F,F,F,F,F,F,F,F,F,F,F,F,F,F,F,F,F,F,F,F,F,F,F,F,F,F,F,F,F,F,F,F,F,F,F,F,F,F,F,F,F,F,F,F,F,F,F,F,F,F,F,F,F,F,F,F,F,F,F,F,F,F,F,F,F,F,F,F,F,F,F,F,F,F,F,F,F,F,F,F,F,F,F,F,F,F,F,F,F,F,F,F,F,F,F,F,F,F,F,F,F,F,F,F,F,F,F,F,F,F,F,F,F,F,F,F,F,F,F,F,F,F,F,F,F,F,F,F,F,F,F,F,F,F,F,F,F,F,F,F,F,F,F,F,F,F,F,F,F,F,F,F,F,F,F
MOD17A2H.A2016105.h12v02.006.2016204155021.Gpp_500m,MOD17A2H,A2016105,Lat66.02328333Lon-137.2492667Samp13Line13,2016204155021,Gpp_500m,F,F,F,F,F,F,F,F,F,F,F,F,F,F,F,F,F,F,F,F,F,F,F,F,F,F,F,F,F,F,F,F,F,F,F,F,F,F,F,F,F,F,F,F,F,F,F,F,F,F,F,F,F,F,F,F,F,F,F,F,F,F,F,F,F,F,F,F,F,F,F,F,F,F,F,F,F,F,F,F,F,F,F,F,F,F,F,F,F,F,F,F,F,F,F,F,F,F,F,F,F,F,F,F,F,F,F,F,F,F,F,F,F,F,F,F,F,F,F,F,F,F,F,F,F,F,F,F,F,F,F,F,F,F,F,F,F,F,F,F,F,F,F,F,F,F,F,F,F,F,F,F,F,F,F,F,F,F,F,F,F,F,F,F,F,F,F,F,F
MOD17A2H.A2016113.h12v02.006.2016204163110.Gpp_500m,MOD17A2H,A2016113,Lat66.02328333Lon-137.2492667Samp13Line13,2016204163110,Gpp_500m,F,F,F,F,F,F,F,F,F,F,F,F,F,F,F,F,F,F,F,F,F,F,F,F,F,F,F,F,F,F,F,F,F,F,F,F,F,F,F,F,F,F,F,F,F,F,F,F,F,F,F,F,F,F,F,F,F,F,F,F,F,F,F,F,F,F,F,F,F,F,F,F,F,F,F,F,F,F,F,F,F,F,F,F,F,F,F,F,F,F,F,F,F,F,F,F,F,F,F,F,F,F,F,F,F,F,F,F,F,F,F,F,F,F,F,F,F,F,F,F,F,F,F,F,F,F,F,F,F,F,F,F,F,F,F,F,F,F,F,F,F,F,F,F,F,F,F,F,F,F,F,F,F,F,F,F,F,F,F,F,F,F,F,F,F,F,F,F,F
MOD17A2H.A2016121.h12v02.006.2016204171630.Gpp_500m,MOD17A2H,A2016121,Lat66.02328333Lon-137.2492667Samp13Line13,2016204171630,Gpp_500m,0.0051,0.0027,0.0015,F,0.0029,0.0029,0.0029,0.0015,0.0029,0.0015,F,0.0015,0.0015,0.0013,0.0013,F,0.0037,F,0.0017,0.0015,F,0.0015,F,0.0015,F,F,0.0015,0.0015,0.0015,0.0018,0.0015,F,F,F,F,0.0018,0.0013,0.0016,F,0.0015,0.0015,0.0015,0.0015,0.0015,0.0015,F,F,F,F,F,F,0.0016,0.0018,0.0015,0.0015,0.0015,0.0018,0.0015,F,F,F,F,F,0.0016,0.0016,0.0015,0.0021,0.0018,0.0018,0.0018,0.0016,0.0016,F,F,0.0018,0.0018,0.0018,0.0033,0.0015,0.0015,F,F,F,F,F,0.0034,0.0033,0.0018,0.0033,0.0071,F,0.0018,F,0.0021,F,0.0028,0.003,0.0028,0.0033,0.0055,0.0042,F,0.0013,0.0018,0.0021,0.003,0.0016,0.0027,0.0028,0.0027,0.0044,0.0042,0.0016,0.0016,0.0013,0.0013,0.0013,0.0016,0.0027,0.0025,0.0025,0.0044,0.0033,0.0016,0.0016,0.0016,0.0016,0.0016,0.0016,0.0016,0.0016,0.0021,0.0013,0.0016,0.0016,0.0018,0.0018,0.0016,0.0016,0.0016,0.0016,0.0016,0.0016,0.0016,0.0018,0.0016,F,F,0.0016,0.0018,0.0018,0.0016,0.0016,0.0016,0.0016,0.0016,F,F,F,F,F,0.0016,0.0016,0.0016,0.0016,0.0016,0.0016,0.0016,0.0016
MOD17A2H.A2016129.h12v02.006.2016204180210.Gpp_500m,MOD17A2H,A2016129,Lat66.02328333Lon-137.2492667Samp13Line13,2016204180210,Gpp_500m,0.0219,0.0219,0.0215,0.019,0.019,0.0185,0.0194,0.0204,0.0194,0.0194,0.0189,0.0189,0.0194,0.0204,0.0194,0.02,0.0255,0.0248,0.0216,0.0181,0.0184,0.02,0.0189,0.0205,0.0219,0.019,0.0189,0.0185,0.0185,0.0189,0.0189,0.0194,0.02,0.0223,0.0219,0.0215,0.0228,0.0194,0.0184,0.021,0.021,0.0194,0.0194,0.0219,0.0219,0.021,0.0223,0.0228,0.0242,0.0228,0.0194,0.019,0.0189,0.0215,0.0215,0.0219,0.021,0.0223,0.0233,0.0211,0.0228,0.0222,0.0228,0.0217,0.019,0.0215,0.0215,0.0223,0.0218,0.0215,0.0205,0.0215,0.0194,0.02,0.0217,0.018,0.02,0.021,0.021,0.0194,0.018,0.019,0.019,0.0184,0.0211,0.0205,0.0211,0.018,0.02,0.0217,0.019,0.018,0.018,0.0171,0.0211,0.0211,0.0217,0.0233,0.0222,0.0205,0.0205,0.0205,0.02,0.0179,0.0211,0.0211,0.02,0.0211,0.0228,0.0222,0.0222,0.0217,0.02,0.019,0.02,0.0184,0.0199,0.0175,0.0194,0.0228,0.0214,0.0184,0.02,0.0217,0.0223,0.0214,0.021,0.0213,0.0199,0.0228,0.02,0.0184,0.0228,0.0228,0.0214,0.0214,0.0214,0.0217,0.0217,0.0233,0.0228,0.0233,0.0212,0.019,0.0205,0.0204,0.0184,0.0214,0.0199,0.019,0.0185,0.0228,0.021,0.0193,0.0203,0.0174,0.0204,0.019,0.0184,0.0174,0.0174,0.019,0.0185,0.019,0.0193,0.0179,0.0154,0.017,0.0189
MOD17A2H.A2016137.h12v02.006.2016204184926.Gpp_500m,MOD17A2H,A2016137,Lat66.02328333Lon-137.2492667Samp13Line13,2016204184926,Gpp_500m,0.0155,0.0155,0.0149,0.0143,0.013,0.0142,0.0127,0.0143,0.0149,0.012,0.0139,0.0117,0.0117,0.0127,0.0127,0.013,0.0171,0.0156,0.0156,0.012,0.0123,0.0116,0.0117,0.0127,0.0133,0.0133,0.0133,0.0131,0.0117,0.0136,0.0139,0.0142,0.0139,0.0136,0.0131,0.0117,0.0116,0.0116,0.011,0.0143,0.0136,0.0127,0.0127,0.0124,0.0136,0.0131,0.0117,0.0116,0.0117,0.012,0.0116,0.0116,0.0117,0.0117,0.0136,0.0127,0.0133,0.0124,0.0127,0.0131,0.0118,0.0116,0.0116,0.011,0.011,0.012,0.012,0.0143,0.0127,0.0117,0.0131,0.0128,0.011,0.011,0.0116,0.0108,0.012,0.0131,0.0143,0.0117,0.0117,0.0117,0.0105,0.011,0.0124,0.0131,0.0111,0.0131,0.012,0.0118,0.0115,0.0108,0.011,0.0105,0.0116,0.012,0.0128,0.0136,0.0133,0.012,0.0118,0.0118,0.0108,0.0105,0.0116,0.0116,0.011,0.0128,0.0136,0.0128,0.0118,0.0118,0.0118,0.0118,0.0115,0.0108,0.0118,0.0108,0.0118,0.012,0.0128,0.0125,0.0128,0.0128,0.0125,0.0118,0.0118,0.0143,0.0129,0.0145,0.012,0.0128,0.0128,0.0115,0.012,0.0125,0.0125,0.0132,0.0134,0.012,0.0145,0.0125,0.012,0.0128,0.0118,0.012,0.0118,0.0105,0.0105,0.0134,0.0118,0.0116,0.0108,0.0116,0.0118,0.0118,0.0115,0.0115,0.0099,0.0105,0.0125,0.0129,0.0116,0.0116,0.0116,0.0118,0.0116,0.0116,0.0118
MOD17A2H.A2016145.h12v02.006.2016204203257.Gpp_500m,MOD17A2H,A2016145,Lat66.02328333Lon-137.2492667Samp13Line13,2016204203257,Gpp_500m,0.0248,0.0231,0.0208,0.0211,0.0218,0.0173,0.0203,0.02,0.0243,0.0238,0.0195,0.0195,0.0188,0.0173,0.0178,0.0178,0.0223,0.0218,0.0218,0.017,0.0195,0.0185,0.0195,0.0207,0.0195,0.0192,0.0178,0.0167,0.0173,0.0173,0.0167,0.021,0.0195,0.0192,0.0207,0.0207,0.0178,0.0178,0.0178,0.0192,0.0207,0.0181,0.0173,0.0185,0.0188,0.021,0.017,0.0162,0.0195,0.0159,0.0159,0.0159,0.0162,0.0181,0.0192,0.0167,0.0218,0.017,0.0184,0.0217,0.0217,0.017,0.0159,0.0178,0.0195,0.0192,0.0188,0.0218,0.021,0.0203,0.0203,0.018,0.0195,0.0248,0.0192,0.0195,0.0196,0.017,0.0192,0.0192,0.0178,0.0178,0.0148,0.0217,0.0248,0.021,0.0192,0.0168,0.0161,0.0161,0.0172,0.0173,0.0148,0.0178,0.0195,0.0178,0.021,0.0203,0.017,0.0181,0.0177,0.0177,0.0168,0.0177,0.0187,0.0178,0.0178,0.0195,0.0173,0.0181,0.0181,0.017,0.0172,0.0172,0.0177,0.0188,0.0191,0.017,0.0195,0.0173,0.0161,0.0161,0.0168,0.0177,0.0228,0.0188,0.0203,0.0203,0.0191,0.0181,0.016,0.016,0.0148,0.0168,0.0172,0.0228,0.0228,0.0251,0.0203,0.0183,0.0177,0.017,0.0166,0.016,0.0168,0.0172,0.0177,0.0177,0.0172,0.0139,0.0183,0.0144,0.016,0.017,0.0161,0.0155,0.0148,0.0161,0.0148,0.0132,0.0139,0.0139,0.016,0.015,0.016,0.0161,0.015,0.0147,0.0147
MOD17A2H.A2016153.h12v02.006.2016204212028.Gpp_500m,MOD17A2H,A2016153,Lat66.02328333Lon-137.2492667Samp13Line13,2016204212028,Gpp_500m,0.0218,0.0246,0.0246,0.0246,0.0245,0.02,0.0207,0.0249,0.023,0.0226,0.0195,0.0185,0.0194,0.0196,0.0175,0.0178,0.0244,0.0249,0.0249,0.0204,0.0214,0.0188,0.0185,0.0207,0.0204,0.0207,0.0182,0.0182,0.0182,0.0182,0.0215,0.0222,0.0207,0.0222,0.02,0.0204,0.0195,0.0174,0.0174,0.0204,0.023,0.0214,0.02,0.0207,0.0207,0.0184,0.0174,0.0174,0.0183,0.0178,0.0178,0.0173,0.0195,0.02,0.0214,0.0194,0.0188,0.02,0.0178,0.0195,0.0203,0.0182,0.0171,0.0171,0.0172,0.0218,0.0182,0.0204,0.0203,0.02,0.02,0.0214,0.0183,0.0178,0.0163,0.0218,0.0218,0.0192,0.0178,0.0183,0.0174,0.0195,0.0171,0.0171,0.0189,0.0189,0.0237,0.0218,0.0246,0.0246,0.0236,0.0178,0.0171,0.0174,0.0171,0.02,0.0218,0.0237,0.0233,0.0239,0.0228,0.0203,0.0217,0.0226,0.0174,0.0183,0.0214,0.0218,0.0239,0.0228,0.0228,0.0228,0.0228,0.0264,0.0217,0.0217,0.0192,0.0214,0.0214,0.0203,0.0207,0.0218,0.0276,0.0226,0.0264,0.0264,0.0243,0.0243,0.0242,0.0234,0.0208,0.0207,0.0218,0.0276,0.0276,0.0281,0.025,0.025,0.0243,0.0242,0.0234,0.0224,0.0224,0.0208,0.0244,0.0244,0.0243,0.022,0.025,0.0242,0.0178,0.0178,0.0178,0.0183,0.0208,0.0166,0.0217,0.0243,0.0208,0.0239,0.0154,0.0166,0.0162,0.0188,0.0188,0.0188,0.0166,0.0216,0.0216
MOD17A2H.A2016161.h12v02.006.2016204223219.Gpp_500m,MOD17A2H,A2016161,Lat66.02328333Lon-137.2492667Samp13Line13,2016204223219,Gpp_500m,0.0379,0.0379,0.0443,0.0474,0.0442,0.0436,0.0499,0.051,0.0491,0.0499,0.0472,0.0378,0.0402,0.0425,0.0417,0.041,0.0592,0.0584,0.0559,0.0422,0.0422,0.0396,0.0435,0.0465,0.0372,0.0413,0.043,0.041,0.0473,0.0491,0.0453,0.0504,0.0442,0.0435,0.0435,0.0457,0.0377,0.0471,0.0439,0.043,0.0504,0.0429,0.0415,0.0442,0.0435,0.0458,0.0457,0.0413,0.0434,0.0439,0.0388,0.0388,0.0359,0.0415,0.0479,0.0435,0.0435,0.039,0.0427,0.0434,0.0427,0.0451,0.0351,0.0318,0.0388,0.0479,0.0422,0.0422,0.0452,0.0435,0.0489,0.0427,0.0427,0.0438,0.0357,0.0394,0.0426,0.0437,0.0414,0.0389,0.0435,0.0394,0.0388,0.042,0.0456,0.0325,0.0325,0.0375,0.0392,0.0362,0.0357,0.0394,0.0382,0.0388,0.0375,0.0432,0.0337,0.0325,0.0336,0.0349,0.0329,0.0329,0.0311,0.0362,0.0394,0.0419,0.0364,0.0364,0.0325,0.0336,0.0336,0.0336,0.0336,0.0336,0.0403,0.031,0.0397,0.0364,0.0313,0.0325,0.0318,0.0344,0.0343,0.0343,0.0342,0.0397,0.0411,0.0361,0.0341,0.0403,0.0393,0.0357,0.0318,0.0306,0.0357,0.0512,0.0397,0.0397,0.0354,0.0341,0.0385,0.0373,0.0416,0.0312,0.0306,0.0305,0.0324,0.0403,0.0336,0.0328,0.0328,0.031,0.0373,0.036,0.0408,0.0385,0.0329,0.0293,0.0293,0.0298,0.0298,0.031,0.031,0.031,0.0279,0.0303,0.0303,0.0321,0.0321
MOD17A2H.A2016169.h12v02.006.2016204231847.Gpp_500m,MOD17A2H,A2016169,Lat66.02328333Lon-137.2492667Samp13Line13,2016204231847,Gpp_500m,0.0499,0.0494,0.0494,0.0506,0.0489,0.0475,0.0475,0.0548,0.0548,0.0547,0.0517,0.0467,0.0499,0.0469,0.0469,0.0463,0.0583,0.0657,0.0615,0.0463,0.0531,0.0517,0.0467,0.0467,0.0455,0.0579,0.0463,0.0456,0.0463,0.0523,0.0523,0.0517,0.0517,0.0517,0.0523,0.0431,0.0423,0.0524,0.0461,0.0523,0.0548,0.0575,0.0517,0.0493,0.0505,0.0475,0.051,0.0488,0.0487,0.0443,0.0394,0.043,0.043,0.0481,0.0493,0.0499,0.0475,0.0467,0.0488,0.048,0.0431,0.0436,0.043,0.0394,0.0399,0.0499,0.0463,0.048,0.0505,0.0475,0.048,0.048,0.0523,0.0486,0.0369,0.0382,0.0399,0.0399,0.0488,0.0463,0.0475,0.0462,0.043,0.0523,0.0466,0.0412,0.0382,0.0381,0.0399,0.0387,0.0368,0.0455,0.0455,0.043,0.0443,0.0388,0.0412,0.0382,0.0393,0.0393,0.0387,0.0368,0.0363,0.0392,0.043,0.0467,0.0412,0.0369,0.0382,0.0393,0.0393,0.0406,0.0399,0.0387,0.0387,0.038,0.0368,0.0369,0.0375,0.0357,0.0364,0.0393,0.0387,0.0387,0.0392,0.0387,0.0387,0.0404,0.0392,0.0399,0.0376,0.0357,0.0368,0.0393,0.0406,0.0392,0.0405,0.0417,0.0399,0.0392,0.0399,0.0386,0.0373,0.0357,0.0376,0.0406,0.0417,0.0399,0.038,0.0417,0.0387,0.0368,0.0362,0.0373,0.0367,0.0385,0.0368,0.0337,0.0357,0.038,0.0349,0.0357,0.0362,0.0362,0.0342,0.0355,0.0378,0.0385,0.0404
MOD17A2H.A2016177.h12v02.006.2016205000723.Gpp_500m,MOD17A2H,A2016177,Lat66.02328333Lon-137.2492667Samp13Line13,2016205000723,Gpp_500m,0.0529,0.0534,0.0534,0.0535,0.0484,0.046,0.046,0.0529,0.0529,0.051,0.0515,0.0448,0.0478,0.0472,0.0484,0.0448,0.0587,0.0631,0.063,0.0466,0.0528,0.0454,0.0448,0.0486,0.0492,0.046,0.0453,0.0429,0.0435,0.0448,0.0529,0.0528,0.0511,0.0473,0.0448,0.0466,0.0466,0.0456,0.0459,0.0485,0.046,0.0528,0.0479,0.0454,0.0466,0.0448,0.0431,0.0449,0.0456,0.0436,0.0449,0.0435,0.0394,0.0448,0.046,0.0466,0.046,0.0442,0.0466,0.0449,0.0456,0.0456,0.0424,0.0431,0.0443,0.046,0.0423,0.046,0.0466,0.0511,0.0492,0.0475,0.0456,0.0456,0.0424,0.0424,0.0431,0.0436,0.0431,0.0466,0.0424,0.0411,0.038,0.0407,0.0431,0.046,0.0412,0.0424,0.0424,0.0432,0.0406,0.0431,0.0406,0.0387,0.0431,0.0407,0.0411,0.0412,0.0413,0.0436,0.0436,0.0413,0.0388,0.0418,0.0406,0.0443,0.0443,0.0412,0.0418,0.0424,0.0418,0.0456,0.0432,0.0437,0.0432,0.0425,0.0393,0.0411,0.0395,0.0388,0.038,0.0424,0.0413,0.0425,0.0432,0.0432,0.0414,0.0474,0.0413,0.0419,0.0395,0.0381,0.0406,0.0425,0.0437,0.0425,0.0432,0.0438,0.0401,0.0413,0.0407,0.0407,0.0439,0.0388,0.0406,0.0437,0.0437,0.0425,0.0401,0.0438,0.0457,0.0388,0.0389,0.0419,0.039,0.042,0.0432,0.0376,0.0376,0.0401,0.0444,0.0445,0.0401,0.0389,0.0383,0.039,0.0489,0.0412,0.0422
MOD17A2H.A2016185.h12v02.006.2016205005748.Gpp_500m,MOD17A2H,A2016185,Lat66.02328333Lon-137.2492667Samp13Line13,2016205005748,Gpp_500m,0.0377,0.0451,0.044,0.044,0.0364,0.0435,0.0435,0.0431,0.0482,0.0482,0.0432,0.0408,0.0397,0.0378,0.0405,0.0253,0.0587,0.0588,0.0603,0.0396,0.0457,0.0432,0.0402,0.0433,0.0433,0.0397,0.0395,F,0.0435,0.0391,0.0402,0.0468,0.0464,0.0447,0.0386,0.0391,0.0393,0.0446,0.0403,0.0436,0.0453,0.0412,0.0468,0.0081,0.0408,0.0386,0.0325,0.043,0.0352,0.0403,0.0379,0.0399,0.0381,0.0361,0.0391,0.0397,0.0409,0.0423,0.0439,0.0434,0.0393,0.0393,0.042,0.0379,0.0399,0.0402,0.0397,0.0402,0.0413,0.0459,0.0368,0.0368,0.0415,0.042,0.0415,0.0399,F,0.0423,0.0387,0.0413,0.0423,0.0409,0.0368,0.0387,0.0447,0.0435,0.0415,0.0416,0.0423,0.0412,0.0423,0.0397,0.0387,0.0393,0.0383,0.0399,0.0435,0.0422,0.0416,0.0458,0.0447,0.0437,0.0424,0.038,0.0387,0.0441,0.0441,0.038,0.0422,0.0425,0.0423,0.0423,0.0426,0.0376,0.0397,0.0428,0.0418,0.0337,0.0411,0.0404,0.0406,0.0416,0.0423,0.0426,0.0407,0.0434,0.0434,0.0419,0.0414,0.0356,0.0395,0.0399,0.0407,0.0423,0.0426,0.0427,0.0428,0.0434,0.0424,0.0378,0.041,0.0378,0.0365,0.0407,0.0391,0.04,0.0355,0.0428,0.0428,0.0382,0.0378,0.0365,0.0365,0.0365,0.0366,0.0384,0.038,0.0365,0.0381,0.0424,0.0388,0.0378,0.0364,0.0393,0.039,0.039,0.0391,0.0391,0.0436
MOD17A2H.A2016193.h12v02.006.2016205014601.Gpp_500m,MOD17A2H,A2016193,Lat66.02328333Lon-137.2492667Samp13Line13,2016205014601,Gpp_500m,0.0523,0.0509,0.0509,0.0541,0.0515,0.0575,0.0515,0.0502,0.0528,0.0521,0.0521,0.0458,0.0489,0.0509,0.056,0.0554,0.0792,0.0702,0.0673,0.0483,0.0508,0.0515,0.0458,0.0496,0.0496,0.0483,0.0554,0.0534,0.0483,0.0508,0.0508,0.0567,0.0515,0.0489,0.0489,0.0483,0.0495,0.0496,0.047,0.0521,0.056,0.0502,0.0567,0.0515,0.0514,0.047,0.0483,0.0495,0.0496,0.0462,0.0445,0.0399,0.0475,0.0508,0.0515,0.0514,0.0475,0.0495,0.0495,0.0496,0.0508,0.0476,0.0405,0.0507,0.0507,0.0521,0.0496,0.0475,0.0501,0.0513,0.0476,0.0508,0.0476,0.0476,0.0423,0.0449,0.0476,0.0418,0.0501,0.0483,0.0483,0.0476,0.0438,0.0445,0.0476,0.0476,0.0469,0.0495,0.0423,0.0445,0.0455,0.0483,0.0483,0.045,0.0462,0.0445,0.0476,0.0455,0.0445,0.0448,0.0462,0.0455,0.0444,0.0462,0.0476,0.0476,0.0445,0.0445,0.0449,0.0449,0.0455,0.0462,0.0462,0.0462,0.0474,0.0449,0.0431,0.0455,0.0455,0.0438,0.0431,0.0455,0.0455,0.0444,0.0462,0.0474,0.0461,0.0449,0.0443,0.0461,0.0469,0.0431,0.0462,0.0462,0.0462,0.0462,0.0444,0.0469,0.0468,0.0436,0.0461,0.0461,0.046,0.0455,0.0455,0.0462,0.0592,0.0449,0.0455,0.0468,0.0468,0.0436,0.0431,0.043,0.0455,0.0455,0.0438,0.0423,0.0444,0.0455,0.0455,0.0468,0.0455,0.0455,0.043,0.0442,0.046,0.046,0.0449
MOD17A2H.A2016201.h12v02.006.2016215135344.Gpp_500m,MOD17A2H,A2016201,Lat66.02328333Lon-137.2492667Samp13Line13,2016215135344,Gpp_500m,0.039,0.0342,0.0387,0.038,0.0352,0.0371,0.0371,0.0362,0.0428,0.0434,0.0386,0.0357,0.0381,0.0352,0.0352,0.0352,0.0438,0.0438,0.0462,0.0342,0.0405,0.0386,0.0347,0.0375,0.042,0.0309,0.0352,0.0357,0.0386,0.0332,0.0381,0.0428,0.04,0.0395,0.0381,0.0351,0.025,0.025,0.0154,0.0386,0.0409,0.0338,0.0428,0.0372,0.0386,0.0381,0.0358,0.025,0.025,0.0251,0.0256,0.0362,0.0338,0.0342,0.0386,0.0351,0.0361,0.025,0.025,0.025,0.0256,0.0256,0.0362,0.0358,0.0361,0.0357,0.0351,0.0358,0.025,0.025,0.0299,0.0376,0.0256,0.0371,0.0351,0.0361,0.0361,0.0342,0.0342,0.025,0.0237,0.0358,0.0351,0.0332,0.0376,0.0372,0.0342,0.0358,0.0358,0.0332,0.0348,0.0351,0.0339,0.0237,0.0328,0.0303,0.0372,0.0361,0.0358,0.0371,0.0332,0.0174,0.0348,0.0351,0.0332,0.0328,0.031,0.0332,0.034,0.0342,0.0361,0.0243,0.0323,0.0189,0.0332,0.0343,0.034,0.031,0.0328,0.0328,0.0342,0.0243,0.0243,0.0243,0.0323,0.0246,0.0343,0.0348,0.0353,0.0363,0.0328,0.0319,0.0332,0.0243,0.0243,0.033,0.0343,0.0311,0.0381,0.0348,0.0353,0.0348,0.033,0.0348,0.0314,0.0231,0.0243,0.0343,0.0358,0.0314,0.0323,0.03,0.0323,0.033,0.0323,0.0334,0.0231,0.0231,0.0243,0.0311,0.0314,0.0314,0.033,0.0339,0.0319,0.033,0.0334,0.0339,0.0339
MOD17A2H.A2016209.h12v02.006.2016222135306.Gpp_500m,MOD17A2H,A2016209,Lat66.02328333Lon-137.2492667Samp13Line13,2016222135306,Gpp_500m,0.0325,0.0195,0.0173,0.0246,0.0463,0.0457,0.0457,0.0423,0.0426,F,0.0175,0.0479,0.0478,0.0427,0.0337,0.0337,0.0572,0.0458,0.0544,0.0485,0.053,0.0472,0.0472,0.0489,0.0268,0.0342,0.0434,0.0451,0.0348,0.0496,0.0173,0.0537,0.0537,0.0502,0.0489,0.0441,0.0354,0.0319,0.0257,0.0108,0.0423,F,0.0496,0.0507,0.0501,0.0399,0.0398,0.0252,0.0257,0.0212,0.0354,0.0354,0.0434,0.0434,0.0507,F,F,0.0398,0.0257,0.0273,0.0342,0.0342,0.0246,0.0434,0.0423,0.0187,0.0234,0.0073,0.032,0.0239,0.0268,0.0331,0.0165,0.0337,0.0338,0.0417,0.0457,0.0462,0.0086,0.032,0.0173,0.0324,0.0324,0.0342,0.0342,0.0238,0.0417,0.0478,0.0465,0.0463,0.0427,0.0102,0.0302,0.0324,0.0416,0.0371,0.0466,0.0543,0.0472,0.0456,0.0463,0.0439,0.044,0.0456,0.0422,0.0399,0.0399,0.0466,0.0536,0.0465,0.0462,0.0433,0.0364,0.0404,0.0456,0.0404,0.0411,0.037,0.0449,0.0445,0.0444,0.0463,0.0422,0.0439,0.0479,0.0472,0.0456,0.0449,0.0417,0.0444,0.0457,0.0444,0.0449,0.0449,0.045,0.0479,0.0411,0.0416,0.0449,0.0422,0.0411,0.0377,0.0377,0.0427,0.0439,0.045,0.045,0.0433,0.0399,0.0449,0.0411,0.0405,0.0417,0.042,0.042,0.0417,0.0422,0.0399,0.0393,0.0399,0.0529,0.0529,0.0462,0.0417,0.0354,0.0377,0.0417,0.0433,0.0426
MOD17A2H.A2016217.h12v02.006.2016226090355.Gpp_500m,MOD17A2H,A2016217,Lat66.02328333Lon-137.2492667Samp13Line13,2016226090355,Gpp_500m,0.0215,0.0215,0.0247,0.0257,0.0238,0.0215,0.0287,0.0287,0.0209,0.0261,0.0232,0.0157,0.0178,0.0151,0.0106,0.0213,0.0296,0.031,0.0328,0.0253,0.0261,0.0236,0.0199,0.0212,0.0063,0.019,0.0213,0.0225,0.0225,0.0238,0.0296,F,F,0.0296,0.0212,0.0196,0.0172,0.017,0.0189,0.0229,0.0238,0.0296,0.0296,0.0261,0.0296,0.027,0.0178,0.0261,0.0245,0.0247,0.0255,0.0184,0.0215,0.0212,0.0261,0.0229,0.0186,0.024,0.0261,0.0277,0.0266,0.0255,0.0212,0.0194,0.0222,0.0205,0.0183,0.0183,0.024,0.0209,0.0212,0.0171,0.028,0.0209,0.0156,0.0164,0.0202,0.0132,0.0212,0.0212,0.0247,0.0202,0.0164,0.0089,0.0089,0.0156,0.0178,0.0189,0.0132,0.013,0.013,0.0178,0.0202,0.0164,0.0089,0.0089,0.0181,0.0178,0.0215,0.0208,0.0247,0.0122,0.0238,0.0219,0.0051,0.0096,0.0096,0.0181,0.024,0.0138,0.0212,0.0247,0.025,0.0218,0.0153,0.0166,0.0173,0.0222,0.0105,0.0201,0.0241,0.0189,0.0197,0.0197,0.0189,0.0153,0.0173,0.0173,0.0176,0.0173,0.0197,0.0215,0.0189,0.0176,0.0164,0.0171,0.0171,0.0173,0.0189,0.0173,0.0173,0.0192,0.0148,0.0161,0.0176,0.0171,0.0193,0.0176,0.0181,0.0181,0.0176,0.0173,0.0153,0.0153,0.0135,0.0124,0.0164,0.0156,0.0231,0.0166,0.0189,0.017,0.017,0.0173,0.0157,0.0205,0.0192,0.0124,0.0176
MOD17A2H.A2016225.h12v02.006.2016235074150.Gpp_500m,MOD17A2H,A2016225,Lat66.02328333Lon-137.2492667Samp13Line13,2016235074150,Gpp_500m,0.0385,0.038,0.038,0.0357,0.0333,0.0347,0.0357,0.0357,0.0357,0.0357,0.0357,0.0338,0.0366,0.0332,0.0332,0.0316,0.0373,0.0364,0.0364,0.0352,0.0353,0.0347,0.0347,0.0366,0.0375,0.0338,0.0324,0.0333,0.0333,0.0305,0.0353,0.0353,0.0392,0.0375,0.0366,0.0353,0.0345,0.0334,0.0316,0.0333,0.0385,0.0385,0.0333,0.0344,0.0375,0.033,0.0318,0.0331,0.0325,0.0318,0.0318,0.0326,0.0385,0.0325,0.0347,0.0325,0.0325,0.0357,0.0331,0.0348,0.0345,0.0338,0.0318,0.0318,0.0326,0.0347,0.0316,0.033,0.0357,0.0363,0.0312,0.0345,0.0312,0.0312,0.0318,0.0326,0.0353,0.0338,0.0311,0.0338,0.0281,0.0281,0.0312,0.0301,0.0312,0.0326,0.0326,0.0367,0.0367,0.0339,0.0312,0.0292,0.0278,0.0278,0.0292,0.0292,0.0318,0.0316,0.0318,0.0367,0.0326,0.0326,0.0306,0.0326,0.0301,0.0301,0.0269,0.0287,0.0292,0.0318,0.0318,0.0326,0.033,0.0339,0.0326,0.0315,0.03,0.0326,0.0287,0.0292,0.0292,0.0298,0.0298,0.033,0.0339,0.0339,0.0335,0.0335,0.0315,0.0315,0.0326,0.0344,0.03,0.0312,0.033,0.0331,0.0331,0.0331,0.0315,0.0315,0.03,0.03,0.0292,0.0292,0.0339,0.0335,0.0316,0.0319,0.0306,0.0299,0.0299,0.0174,0.0288,0.0279,0.0279,0.0282,0.0287,0.0312,0.0319,0.0306,0.0278,0.0269,0.0278,0.0279,0.026,0.0269,0.0208,0.0282,0.0282
MOD17A2H.A2016233.h12v02.006.2016243135719.Gpp_500m,MOD17A2H,A2016233,Lat66.02328333Lon-137.2492667Samp13Line13,2016243135719,Gpp_500m,0.0251,0.0261,0.0254,0.0254,0.0254,0.0236,0.0251,0.0254,0.027,0.027,0.0212,0.0207,0.0188,0.0248,0.0236,0.024,0.0302,0.0302,0.0301,0.024,0.0234,0.0272,0.0254,0.0272,0.0261,0.0244,0.024,0.024,0.0236,0.0251,0.0251,0.0254,0.0281,0.0281,0.027,0.0261,0.0254,0.0252,0.0247,0.0254,0.0254,0.0276,0.024,0.024,0.0254,0.0244,0.0247,0.0247,0.0252,0.0247,0.0246,0.0246,0.0219,0.0219,0.0254,0.0229,0.0236,0.0239,0.0254,0.0234,0.0255,0.0244,0.0239,0.0229,0.0229,0.0244,0.0244,0.0244,0.0261,0.0261,0.0261,0.0247,0.0246,0.0226,0.0226,0.0214,0.0246,0.0251,0.0229,0.0229,0.0208,0.0206,0.0247,0.0214,0.0211,0.0234,0.0234,0.0234,0.0205,0.0205,0.0208,0.0244,0.0206,0.02,0.02,0.0211,0.0234,0.0225,0.0239,0.0117,0.0111,0.0135,0.0213,0.0229,0.0128,0.019,0.0152,0.0234,0.0246,0.02,0.02,0.0094,0.0135,0.0175,0.0186,0.0107,0.0111,0.0152,0.0152,0.0214,0.0211,0.017,0.0094,0.016,0.0211,0.0211,0.0175,0.0146,0.0146,0.0168,0.0244,0.0211,0.017,0.0126,0.0182,0.0193,0.0225,0.0182,0.0144,0.0208,0.019,0.019,0.0175,0.0208,0.0208,0.0255,0.0255,0.0225,0.0182,0.0158,0.0158,0.0168,0.0168,0.0144,0.0146,0.0097,0.0239,0.0255,0.0223,0.0208,0.0208,0.0146,0.0168,0.0151,0.0127,0.0097,0.0078,0.0083,0.0068
MOD17A2H.A2016241.h12v02.006.2016250100003.Gpp_500m,MOD17A2H,A2016241,Lat66.02328333Lon-137.2492667Samp13Line13,2016250100003,Gpp_500m,0.0135,0.0133,0.0137,0.0126,0.0135,0.0108,0.0119,0.0155,0.0155,0.0137,0.0152,0.0122,0.0122,0.0108,0.0101,0.0101,0.0139,0.0139,0.0133,0.0104,0.0138,0.0115,0.0136,0.0136,0.0144,0.0129,0.0108,0.0174,0.018,0.018,0.0152,0.0138,0.0144,0.0144,0.0135,0.0129,0.0115,0.0128,0.0109,0.0129,0.0138,0.0152,0.0121,0.0135,0.0144,0.0126,0.0107,0.0115,0.0119,0.0114,0.0114,0.0114,0.0126,0.0109,0.0129,0.0115,0.0114,0.0135,0.0107,0.0133,0.0147,0.0122,0.0118,0.0114,0.012,0.0129,0.0122,0.0135,0.0135,0.0147,0.0133,0.0136,0.0114,0.0127,0.0114,0.0107,0.0107,0.0133,0.0135,0.0114,0.0107,0.0133,0.0108,0.0103,0.0127,0.0133,0.0126,0.0107,0.0114,0.0125,0.0109,0.0125,0.01,0.0108,0.0114,0.0127,0.0133,0.0133,0.0125,0.0114,0.012,0.0125,0.0113,0.0107,0.0122,0.0114,0.0107,0.0107,0.0133,0.0118,0.0118,0.012,0.0125,0.0133,0.0108,0.0107,0.0121,0.0108,0.0107,0.0107,0.0107,0.0109,0.0114,0.0125,0.0133,0.0125,0.0121,0.0121,0.0125,0.0121,0.0107,0.0103,0.0107,0.0107,0.0125,0.0125,0.0125,0.0109,0.0133,0.0125,0.0121,0.0118,0.0109,0.01,0.0109,0.0125,0.0125,0.01,0.0109,0.01,0.0103,0.0106,0.0102,0.0102,0.01,0.01,0.0109,0.0125,0.0152,0.0127,0.0127,0.0103,0.0103,0.0106,0.0105,0.0105,0.0108,0.0102,0.0117
MOD17A2H.A2016249.h12v02.006.2016263190630.Gpp_500m,MOD17A2H,A2016249,Lat66.02328333Lon-137.2492667Samp13Line13,2016263190630,Gpp_500m,0.0078,0.009,0.0091,0.0076,0.0067,0.0085,0.0094,0.0094,0.0088,0.0101,0.0078,0.0085,0.0078,0.0085,0.0072,0.0076,0.0077,0.0077,0.0077,0.0089,0.0083,0.0078,0.0078,0.0094,0.0087,0.0085,0.0072,0.0078,0.0078,0.0091,0.0085,0.0089,0.0094,0.0094,0.0085,0.0087,0.0085,0.0078,0.0078,0.0083,0.0091,0.0091,0.0085,0.0085,0.0087,0.0083,0.0083,0.0073,0.0083,0.0079,0.0079,0.0079,0.0072,0.0085,0.0087,0.0087,0.0078,0.0088,0.0089,0.0099,0.0094,0.0079,0.0079,0.0083,0.0078,0.0087,0.0085,0.0085,0.0094,0.0094,0.0099,0.0099,0.0078,0.0083,0.0083,0.0078,0.0088,0.0088,0.0072,0.0072,0.0079,0.0076,0.0073,0.0067,0.0089,0.0088,0.0083,0.0078,0.0085,0.0085,0.0078,0.0067,0.0073,0.0078,0.0078,0.0089,0.0094,0.0091,0.0091,0.0085,0.0085,0.0085,0.0078,0.0067,0.0078,0.0078,0.0078,0.0073,0.0083,0.0078,0.0085,0.0085,0.0089,0.0089,0.0085,0.0078,0.0078,0.0076,0.0075,0.0078,0.0078,0.0078,0.0078,0.0085,0.0086,0.0085,0.0084,0.0089,0.0089,0.0089,0.0073,0.0073,0.0067,0.0083,0.0086,0.0086,0.0089,0.0089,0.0086,0.0086,0.0089,0.0085,0.0078,0.0078,0.0083,0.0086,0.0086,0.0067,0.0072,0.0086,0.0078,0.0072,0.0068,0.0098,0.0072,0.0078,0.0074,0.0067,0.0067,0.0067,0.0067,0.0067,0.0068,0.0072,0.0098,0.0127,0.0092,0.0078,0.0085
MOD17A2H.A2016257.h12v02.006.2016267030247.Gpp_500m,MOD17A2H,A2016257,Lat66.02328333Lon-137.2492667Samp13Line13,2016267030247,Gpp_500m,0.0037,0.0036,0.0027,0.0035,0.0027,0.003,0.0027,0.0027,0.0036,0.0036,0.0036,0.0035,0.0038,0.0023,0.0023,0.0027,0.0031,0.0038,0.0035,0.0022,0.0029,0.0027,0.0034,0.0045,0.0039,0.0038,0.0027,0.0035,0.0029,0.0035,0.0036,0.0029,0.0029,0.0044,0.0038,0.0043,0.0038,0.0037,0.0035,0.0029,0.0027,0.0036,0.0038,0.0038,0.0045,0.0038,0.0029,0.0038,0.0038,0.0037,0.0034,0.0038,0.0035,0.0037,0.0045,0.0045,0.0038,0.0038,0.0043,0.004,0.0037,0.0043,0.0038,0.0038,0.0037,0.0038,0.0038,0.0038,0.0043,0.0038,0.0045,0.0045,0.0038,0.0038,0.0037,0.0037,0.0038,0.0038,0.0043,0.0031,0.0035,0.0035,0.0034,0.0034,0.0039,0.0045,0.0045,0.0038,0.0039,0.0038,0.0037,0.0035,0.0035,0.0037,0.0034,0.0038,0.0038,0.0045,0.0041,0.0039,0.0038,0.0037,0.0045,0.0039,0.0038,0.0038,0.0034,0.0038,0.0045,0.0039,0.0039,0.0039,0.004,0.0046,0.0046,0.0029,0.0039,0.0038,0.0029,0.0038,0.0038,0.0038,0.0045,0.0045,0.0046,0.0038,0.0038,0.0039,0.0039,0.0039,0.0035,0.0037,0.0039,0.0036,0.0049,0.0034,0.0037,0.0038,0.0039,0.0038,0.0039,0.0038,0.0034,0.0036,0.0037,0.0038,0.0034,0.0037,0.0037,0.0029,0.0038,0.0034,0.0034,0.0034,0.0029,0.0032,0.0034,0.0034,0.0029,0.003,0.0029,0.003,0.0034,0.0038,0.0029,0.0038,0.0032,0.0031,0.0038
MOD17A2H.A2016265.h12v02.006.2016274194958.Gpp_500m,MOD17A2H,A2016265,Lat66.02328333Lon-137.2492667Samp13Line13,2016274194958,Gpp_500m,0.0062,0.0069,0.0069,0.0054,0.0056,0.0053,0.0053,0.0059,0.0059,0.0052,0.0047,0.0052,0.0052,0.0059,0.0048,0.0047,0.0056,0.0057,0.0037,0.0047,0.0052,0.0047,0.0056,0.0059,0.0059,0.0059,0.0052,0.0053,0.0053,0.0059,0.0059,0.0052,0.0059,0.0063,0.0059,0.0053,0.0059,0.0052,0.0053,0.0059,0.0059,0.0053,0.0053,0.0059,0.0056,0.0054,0.0053,0.0052,0.0052,0.0054,0.0059,0.0059,0.0052,0.0059,0.0059,0.0054,0.0052,0.0052,0.0059,0.0066,0.0066,0.0066,0.0059,0.0066,0.0066,0.0059,0.0054,0.0059,0.0059,0.0059,0.0066,0.0066,0.0066,0.0054,0.0054,0.0054,0.0056,0.0062,0.0056,0.0047,0.0059,0.0053,0.0053,0.0053,0.0062,0.0059,0.0059,0.0054,0.0056,0.0059,0.0054,0.0053,0.0053,0.0054,0.0057,0.0059,0.0063,0.0066,0.0063,0.0056,0.0059,0.0059,0.0056,0.0052,0.0054,0.0057,0.0054,0.0052,0.0059,0.0063,0.0059,0.0059,0.0063,0.0056,0.0054,0.0052,0.0056,0.0052,0.0052,0.0052,0.0052,0.0052,0.0053,0.0063,0.0063,0.0063,0.0059,0.0059,0.0063,0.0063,0.0052,0.0052,0.0052,0.0056,0.0062,0.0063,0.0076,0.0072,0.0069,0.0069,0.0059,0.0059,0.0062,0.0054,0.0053,0.0054,0.0053,0.0059,0.0059,0.0069,0.0063,0.0059,0.0053,0.0066,0.0054,0.0055,0.0052,0.0052,0.0052,0.0053,0.0054,0.0059,0.0059,0.0053,0.0054,0.0059,0.0062,0.0062,0.0065
MOD17A2H.A2016273.h12v02.006.2016282084239.Gpp_500m,MOD17A2H,A2016273,Lat66.02328333Lon-137.2492667Samp13Line13,2016282084239,Gpp_500m,F,F,F,0.0005,0.0005,F,0.0005,0.001,0.001,F,F,F,0.0005,0.0005,0.0005,0.0005,0.0005,0.001,0.0005,0.0005,0.0005,0.0005,0.0005,F,0.0005,0.0005,0.0005,0.0005,0.0005,0.0005,0.0005,0.0005,0.0005,0.001,0.001,0.0016,0.0016,0.001,0.0005,0.0005,0.0005,0.0005,0.0005,0.0005,0.0005,0.0023,0.0023,0.0023,0.001,0.0008,0.001,0.001,0.001,0.0005,0.001,0.0008,0.0005,0.0005,0.0023,0.0029,0.0019,0.0019,0.0019,0.0022,0.0027,0.0005,0.0005,0.0015,0.0005,0.0005,0.0028,0.0028,0.0028,0.0019,0.0028,0.0023,0.003,0.003,0.0015,0.0005,F,0.0015,0.0015,0.0024,0.0023,0.0028,0.0029,0.0029,0.0029,0.0025,0.0023,0.0005,0.0005,0.0015,0.0015,0.0023,0.0031,0.0031,0.0029,0.0029,0.0022,0.0023,0.0016,0.0023,0.0005,0.0013,0.0012,0.0013,0.0028,0.0028,0.0012,0.0012,0.0027,0.0025,0.0025,0.0014,0.0025,0.0019,0.0012,0.0023,0.0023,0.0023,0.0027,0.0027,0.0031,0.003,0.0023,0.0027,0.0028,0.0026,0.0014,0.0013,0.0012,0.0027,0.0031,0.0031,0.0026,0.0026,0.0027,0.0027,0.0023,0.0023,0.0021,0.0021,0.0021,0.0023,0.0021,0.0021,0.0021,0.0021,0.0023,0.0023,0.0019,0.0023,0.0023,0.0023,0.0023,0.0021,0.0019,0.0019,0.0019,0.0018,0.0023,0.0023,0.0023,0.0023,0.0023,0.0019,0.0023
MOD17A2H.A2016281.h12v02.006.2016292120529.Gpp_500m,MOD17A2H,A2016281,Lat66.02328333Lon-137.2492667Samp13Line13,2016292120529,Gpp_500m,F,F,F,F,F,F,F,F,F,F,F,F,F,F,F,F,F,F,F,F,F,F,F,F,F,F,F,F,F,F,F,F,F,F,F,F,F,F,F,F,F,F,F,F,F,F,F,F,F,F,F,F,F,F,F,F,F,F,F,F,F,F,F,F,F,F,F,F,F,F,F,F,F,F,F,F,F,F,F,F,F,F,F,F,F,F,F,F,F,F,F,F,F,F,F,F,F,F,F,F,F,F,F,F,F,F,F,F,F,F,F,F,F,F,F,F,F,F,F,F,F,F,F,F,F,F,F,F,F,F,F,F,F,F,F,F,F,F,F,F,F,F,F,F,F,F,F,F,F,F,F,F,F,F,F,F,F,F,F,F,F,F,F,F,F,F,F,F,F
MOD17A2H.A2016289.h12v02.006.2016302023253.Gpp_500m,MOD17A2H,A2016289,Lat66.02328333Lon-137.2492667Samp13Line13,2016302023253,Gpp_500m,F,F,F,F,F,F,F,F,F,F,F,F,F,F,F,F,F,F,F,F,F,F,F,F,F,F,F,F,F,F,F,F,F,F,F,F,F,F,F,F,F,F,F,F,F,F,F,F,F,F,F,F,F,F,F,F,F,F,F,F,F,F,F,F,F,F,F,F,F,F,F,F,F,F,F,F,F,F,F,F,F,F,F,F,F,F,F,F,F,F,F,F,F,F,F,F,F,F,F,F,F,F,F,F,F,F,F,F,F,F,F,F,F,F,F,F,F,F,F,F,F,F,F,F,F,F,F,F,F,F,F,F,F,F,F,F,F,F,F,F,F,F,F,F,F,F,F,F,F,F,F,F,F,F,F,F,F,F,F,F,F,F,F,F,F,F,F,F,F
MOD17A2H.A2016297.h12v02.006.2016306120118.Gpp_500m,MOD17A2H,A2016297,Lat66.02328333Lon-137.2492667Samp13Line13,2016306120118,Gpp_500m,F,F,F,F,F,F,F,F,F,F,F,F,F,F,F,F,F,F,F,F,F,F,F,F,F,F,F,F,F,F,F,F,F,F,F,F,F,F,F,F,F,F,F,F,F,F,F,F,F,F,F,F,F,F,F,F,F,F,F,F,F,F,F,F,F,F,F,F,F,F,F,F,F,F,F,F,F,F,F,F,F,F,F,F,F,F,F,F,F,F,F,F,F,F,F,F,F,F,F,F,F,F,F,F,F,F,F,F,F,F,F,F,F,F,F,F,F,F,F,F,F,F,F,F,F,F,F,F,F,F,F,F,F,F,F,F,F,F,F,F,F,F,F,F,F,F,F,F,F,F,F,F,F,F,F,F,F,F,F,F,F,F,F,F,F,F,F,F,F
MOD17A2H.A2016305.h12v02.006.2016314212848.Gpp_500m,MOD17A2H,A2016305,Lat66.02328333Lon-137.2492667Samp13Line13,2016314212848,Gpp_500m,F,F,F,F,F,F,F,F,F,F,F,F,F,F,F,F,F,F,F,F,F,F,F,F,F,F,F,F,F,F,F,F,F,F,F,F,F,F,F,F,F,F,F,F,F,F,F,F,F,F,F,F,F,F,F,F,F,F,F,F,F,F,F,F,F,F,F,F,F,F,F,F,F,F,F,F,F,F,F,F,F,F,F,F,F,F,F,F,F,F,F,F,F,F,F,F,F,F,F,F,F,F,F,F,F,F,F,F,F,F,F,F,F,F,F,F,F,F,F,F,F,F,F,F,F,F,F,F,F,F,F,F,F,F,F,F,F,F,F,F,F,F,F,F,F,F,F,F,F,F,F,F,F,F,F,F,F,F,F,F,F,F,F,F,F,F,F,F,F
MOD17A2H.A2016313.h12v02.006.2016322104803.Gpp_500m,MOD17A2H,A2016313,Lat66.02328333Lon-137.2492667Samp13Line13,2016322104803,Gpp_500m,F,F,F,F,F,F,F,F,F,F,F,F,F,F,F,F,F,F,F,F,F,F,F,F,F,F,F,F,F,F,F,F,F,F,F,F,F,F,F,F,F,F,F,F,F,F,F,F,F,F,F,F,F,F,F,F,F,F,F,F,F,F,F,F,F,F,F,F,F,F,F,F,F,F,F,F,F,F,F,F,F,F,F,F,F,F,F,F,F,F,F,F,F,F,F,F,F,F,F,F,F,F,F,F,F,F,F,F,F,F,F,F,F,F,F,F,F,F,F,F,F,F,F,F,F,F,F,F,F,F,F,F,F,F,F,F,F,F,F,F,F,F,F,F,F,F,F,F,F,F,F,F,F,F,F,F,F,F,F,F,F,F,F,F,F,F,F,F,F
MOD17A2H.A2016321.h12v02.006.2016340181340.Gpp_500m,MOD17A2H,A2016321,Lat66.02328333Lon-137.2492667Samp13Line13,2016340181340,Gpp_500m,F,F,F,F,F,F,F,F,F,F,F,F,F,F,F,F,F,F,F,F,F,F,F,F,F,F,F,F,F,F,F,F,F,F,F,F,F,F,F,F,F,F,F,F,F,F,F,F,F,F,F,F,F,F,F,F,F,F,F,F,F,F,F,F,F,F,F,F,F,F,F,F,F,F,F,F,F,F,F,F,F,F,F,F,F,F,F,F,F,F,F,F,F,F,F,F,F,F,F,F,F,F,F,F,F,F,F,F,F,F,F,F,F,F,F,F,F,F,F,F,F,F,F,F,F,F,F,F,F,F,F,F,F,F,F,F,F,F,F,F,F,F,F,F,F,F,F,F,F,F,F,F,F,F,F,F,F,F,F,F,F,F,F,F,F,F,F,F,F
MOD17A2H.A2016329.h12v02.006.2016340192315.Gpp_500m,MOD17A2H,A2016329,Lat66.02328333Lon-137.2492667Samp13Line13,2016340192315,Gpp_500m,F,F,F,F,F,F,F,F,F,F,F,F,F,F,F,F,F,F,F,F,F,F,F,F,F,F,F,F,F,F,F,F,F,F,F,F,F,F,F,F,F,F,F,F,F,F,F,F,F,F,F,F,F,F,F,F,F,F,F,F,F,F,F,F,F,F,F,F,F,F,F,F,F,F,F,F,F,F,F,F,F,F,F,F,F,F,F,F,F,F,F,F,F,F,F,F,F,F,F,F,F,F,F,F,F,F,F,F,F,F,F,F,F,F,F,F,F,F,F,F,F,F,F,F,F,F,F,F,F,F,F,F,F,F,F,F,F,F,F,F,F,F,F,F,F,F,F,F,F,F,F,F,F,F,F,F,F,F,F,F,F,F,F,F,F,F,F,F,F
MOD17A2H.A2016337.h12v02.006.2016346120207.Gpp_500m,MOD17A2H,A2016337,Lat66.02328333Lon-137.2492667Samp13Line13,2016346120207,Gpp_500m,F,F,F,F,F,F,F,F,F,F,F,F,F,F,F,F,F,F,F,F,F,F,F,F,F,F,F,F,F,F,F,F,F,F,F,F,F,F,F,F,F,F,F,F,F,F,F,F,F,F,F,F,F,F,F,F,F,F,F,F,F,F,F,F,F,F,F,F,F,F,F,F,F,F,F,F,F,F,F,F,F,F,F,F,F,F,F,F,F,F,F,F,F,F,F,F,F,F,F,F,F,F,F,F,F,F,F,F,F,F,F,F,F,F,F,F,F,F,F,F,F,F,F,F,F,F,F,F,F,F,F,F,F,F,F,F,F,F,F,F,F,F,F,F,F,F,F,F,F,F,F,F,F,F,F,F,F,F,F,F,F,F,F,F,F,F,F,F,F
MOD17A2H.A2016345.h12v02.006.2021103032524.Gpp_500m,MOD17A2H,A2016345,Lat66.02328333Lon-137.2492667Samp13Line13,2021103032524,Gpp_500m,F,F,F,F,F,F,F,F,F,F,F,F,F,F,F,F,F,F,F,F,F,F,F,F,F,F,F,F,F,F,F,F,F,F,F,F,F,F,F,F,F,F,F,F,F,F,F,F,F,F,F,F,F,F,F,F,F,F,F,F,F,F,F,F,F,F,F,F,F,F,F,F,F,F,F,F,F,F,F,F,F,F,F,F,F,F,F,F,F,F,F,F,F,F,F,F,F,F,F,F,F,F,F,F,F,F,F,F,F,F,F,F,F,F,F,F,F,F,F,F,F,F,F,F,F,F,F,F,F,F,F,F,F,F,F,F,F,F,F,F,F,F,F,F,F,F,F,F,F,F,F,F,F,F,F,F,F,F,F,F,F,F,F,F,F,F,F,F,F
MOD17A2H.A2016353.h12v02.006.2019119202435.Gpp_500m,MOD17A2H,A2016353,Lat66.02328333Lon-137.2492667Samp13Line13,2019119202435,Gpp_500m,F,F,F,F,F,F,F,F,F,F,F,F,F,F,F,F,F,F,F,F,F,F,F,F,F,F,F,F,F,F,F,F,F,F,F,F,F,F,F,F,F,F,F,F,F,F,F,F,F,F,F,F,F,F,F,F,F,F,F,F,F,F,F,F,F,F,F,F,F,F,F,F,F,F,F,F,F,F,F,F,F,F,F,F,F,F,F,F,F,F,F,F,F,F,F,F,F,F,F,F,F,F,F,F,F,F,F,F,F,F,F,F,F,F,F,F,F,F,F,F,F,F,F,F,F,F,F,F,F,F,F,F,F,F,F,F,F,F,F,F,F,F,F,F,F,F,F,F,F,F,F,F,F,F,F,F,F,F,F,F,F,F,F,F,F,F,F,F,F
MOD17A2H.A2016361.h12v02.006.2019119204401.Gpp_500m,MOD17A2H,A2016361,Lat66.02328333Lon-137.2492667Samp13Line13,2019119204401,Gpp_500m,F,F,F,F,F,F,F,F,F,F,F,F,F,F,F,F,F,F,F,F,F,F,F,F,F,F,F,F,F,F,F,F,F,F,F,F,F,F,F,F,F,F,F,F,F,F,F,F,F,F,F,F,F,F,F,F,F,F,F,F,F,F,F,F,F,F,F,F,F,F,F,F,F,F,F,F,F,F,F,F,F,F,F,F,F,F,F,F,F,F,F,F,F,F,F,F,F,F,F,F,F,F,F,F,F,F,F,F,F,F,F,F,F,F,F,F,F,F,F,F,F,F,F,F,F,F,F,F,F,F,F,F,F,F,F,F,F,F,F,F,F,F,F,F,F,F,F,F,F,F,F,F,F,F,F,F,F,F,F,F,F,F,F,F,F,F,F,F,F
MOD17A2H.A2017001.h12v02.006.2021103033220.Gpp_500m,MOD17A2H,A2017001,Lat66.02328333Lon-137.2492667Samp13Line13,2021103033220,Gpp_500m,F,F,F,F,F,F,F,F,F,F,F,F,F,F,F,F,F,F,F,F,F,F,F,F,F,F,F,F,F,F,F,F,F,F,F,F,F,F,F,F,F,F,F,F,F,F,F,F,F,F,F,F,F,F,F,F,F,F,F,F,F,F,F,F,F,F,F,F,F,F,F,F,F,F,F,F,F,F,F,F,F,F,F,F,F,F,F,F,F,F,F,F,F,F,F,F,F,F,F,F,F,F,F,F,F,F,F,F,F,F,F,F,F,F,F,F,F,F,F,F,F,F,F,F,F,F,F,F,F,F,F,F,F,F,F,F,F,F,F,F,F,F,F,F,F,F,F,F,F,F,F,F,F,F,F,F,F,F,F,F,F,F,F,F,F,F,F,F,F
MOD17A2H.A2017009.h12v02.006.2017053205003.Gpp_500m,MOD17A2H,A2017009,Lat66.02328333Lon-137.2492667Samp13Line13,2017053205003,Gpp_500m,F,F,F,F,F,F,F,F,F,F,F,F,F,F,F,F,F,F,F,F,F,F,F,F,F,F,F,F,F,F,F,F,F,F,F,F,F,F,F,F,F,F,F,F,F,F,F,F,F,F,F,F,F,F,F,F,F,F,F,F,F,F,F,F,F,F,F,F,F,F,F,F,F,F,F,F,F,F,F,F,F,F,F,F,F,F,F,F,F,F,F,F,F,F,F,F,F,F,F,F,F,F,F,F,F,F,F,F,F,F,F,F,F,F,F,F,F,F,F,F,F,F,F,F,F,F,F,F,F,F,F,F,F,F,F,F,F,F,F,F,F,F,F,F,F,F,F,F,F,F,F,F,F,F,F,F,F,F,F,F,F,F,F,F,F,F,F,F,F
MOD17A2H.A2017017.h12v02.006.2017054150027.Gpp_500m,MOD17A2H,A2017017,Lat66.02328333Lon-137.2492667Samp13Line13,2017054150027,Gpp_500m,F,F,F,F,F,F,F,F,F,F,F,F,F,F,F,F,F,F,F,F,F,F,F,F,F,F,F,F,F,F,F,F,F,F,F,F,F,F,F,F,F,F,F,F,F,F,F,F,F,F,F,F,F,F,F,F,F,F,F,F,F,F,F,F,F,F,F,F,F,F,F,F,F,F,F,F,F,F,F,F,F,F,F,F,F,F,F,F,F,F,F,F,F,F,F,F,F,F,F,F,F,F,F,F,F,F,F,F,F,F,F,F,F,F,F,F,F,F,F,F,F,F,F,F,F,F,F,F,F,F,F,F,F,F,F,F,F,F,F,F,F,F,F,F,F,F,F,F,F,F,F,F,F,F,F,F,F,F,F,F,F,F,F,F,F,F,F,F,F
MOD17A2H.A2017025.h12v02.006.2017054153756.Gpp_500m,MOD17A2H,A2017025,Lat66.02328333Lon-137.2492667Samp13Line13,2017054153756,Gpp_500m,F,F,F,F,F,F,F,F,F,F,F,F,F,F,F,F,F,F,F,F,F,F,F,F,F,F,F,F,F,F,F,F,F,F,F,F,F,F,F,F,F,F,F,F,F,F,F,F,F,F,F,F,F,F,F,F,F,F,F,F,F,F,F,F,F,F,F,F,F,F,F,F,F,F,F,F,F,F,F,F,F,F,F,F,F,F,F,F,F,F,F,F,F,F,F,F,F,F,F,F,F,F,F,F,F,F,F,F,F,F,F,F,F,F,F,F,F,F,F,F,F,F,F,F,F,F,F,F,F,F,F,F,F,F,F,F,F,F,F,F,F,F,F,F,F,F,F,F,F,F,F,F,F,F,F,F,F,F,F,F,F,F,F,F,F,F,F,F,F
MOD17A2H.A2017033.h12v02.006.2017054164839.Gpp_500m,MOD17A2H,A2017033,Lat66.02328333Lon-137.2492667Samp13Line13,2017054164839,Gpp_500m,F,F,F,F,F,F,F,F,F,F,F,F,F,F,F,F,F,F,F,F,F,F,F,F,F,F,F,F,F,F,F,F,F,F,F,F,F,F,F,F,F,F,F,F,F,F,F,F,F,F,F,F,F,F,F,F,F,F,F,F,F,F,F,F,F,F,F,F,F,F,F,F,F,F,F,F,F,F,F,F,F,F,F,F,F,F,F,F,F,F,F,F,F,F,F,F,F,F,F,F,F,F,F,F,F,F,F,F,F,F,F,F,F,F,F,F,F,F,F,F,F,F,F,F,F,F,F,F,F,F,F,F,F,F,F,F,F,F,F,F,F,F,F,F,F,F,F,F,F,F,F,F,F,F,F,F,F,F,F,F,F,F,F,F,F,F,F,F,F
MOD17A2H.A2017041.h12v02.006.2017054173740.Gpp_500m,MOD17A2H,A2017041,Lat66.02328333Lon-137.2492667Samp13Line13,2017054173740,Gpp_500m,F,F,F,F,F,F,F,F,F,F,F,F,F,F,F,F,F,F,F,F,F,F,F,F,F,F,F,F,F,F,F,F,F,F,F,F,F,F,F,F,F,F,F,F,F,F,F,F,F,F,F,F,F,F,F,F,F,F,F,F,F,F,F,F,F,F,F,F,F,F,F,F,F,F,F,F,F,F,F,F,F,F,F,F,F,F,F,F,F,F,F,F,F,F,F,F,F,F,F,F,F,F,F,F,F,F,F,F,F,F,F,F,F,F,F,F,F,F,F,F,F,F,F,F,F,F,F,F,F,F,F,F,F,F,F,F,F,F,F,F,F,F,F,F,F,F,F,F,F,F,F,F,F,F,F,F,F,F,F,F,F,F,F,F,F,F,F,F,F
MOD17A2H.A2017049.h12v02.006.2017059081137.Gpp_500m,MOD17A2H,A2017049,Lat66.02328333Lon-137.2492667Samp13Line13,2017059081137,Gpp_500m,F,F,F,F,F,F,F,F,F,F,F,F,F,F,F,F,F,F,F,F,F,F,F,F,F,F,F,F,F,F,F,F,F,F,F,F,F,F,F,F,F,F,F,F,F,F,F,F,F,F,F,F,F,F,F,F,F,F,F,F,F,F,F,F,F,F,F,F,F,F,F,F,F,F,F,F,F,F,F,F,F,F,F,F,F,F,F,F,F,F,F,F,F,F,F,F,F,F,F,F,F,F,F,F,F,F,F,F,F,F,F,F,F,F,F,F,F,F,F,F,F,F,F,F,F,F,F,F,F,F,F,F,F,F,F,F,F,F,F,F,F,F,F,F,F,F,F,F,F,F,F,F,F,F,F,F,F,F,F,F,F,F,F,F,F,F,F,F,F
MOD17A2H.A2017057.h12v02.006.2017066132347.Gpp_500m,MOD17A2H,A2017057,Lat66.02328333Lon-137.2492667Samp13Line13,2017066132347,Gpp_500m,F,F,F,F,F,F,F,F,F,F,F,F,F,F,F,F,F,F,F,F,F,F,F,F,F,F,F,F,F,F,F,F,F,F,F,F,F,F,F,F,F,F,F,F,F,F,F,F,F,F,F,F,F,F,F,F,F,F,F,F,F,F,F,F,F,F,F,F,F,F,F,F,F,F,F,F,F,F,F,F,F,F,F,F,F,F,F,F,F,F,F,F,F,F,F,F,F,F,F,F,F,F,F,F,F,F,F,F,F,F,F,F,F,F,F,F,F,F,F,F,F,F,F,F,F,F,F,F,F,F,F,F,F,F,F,F,F,F,F,F,F,F,F,F,F,F,F,F,F,F,F,F,F,F,F,F,F,F,F,F,F,F,F,F,F,F,F,F,F
MOD17A2H.A2017065.h12v02.006.2017075140702.Gpp_500m,MOD17A2H,A2017065,Lat66.02328333Lon-137.2492667Samp13Line13,2017075140702,Gpp_500m,F,F,F,F,F,F,F,F,F,F,F,F,F,F,F,F,F,F,F,F,F,F,F,F,F,F,F,F,F,F,F,F,F,F,F,F,F,F,F,F,F,F,F,F,F,F,F,F,F,F,F,F,F,F,F,F,F,F,F,F,F,F,F,F,F,F,F,F,F,F,F,F,F,F,F,F,F,F,F,F,F,F,F,F,F,F,F,F,F,F,F,F,F,F,F,F,F,F,F,F,F,F,F,F,F,F,F,F,F,F,F,F,F,F,F,F,F,F,F,F,F,F,F,F,F,F,F,F,F,F,F,F,F,F,F,F,F,F,F,F,F,F,F,F,F,F,F,F,F,F,F,F,F,F,F,F,F,F,F,F,F,F,F,F,F,F,F,F,F
MOD17A2H.A2017073.h12v02.006.2017082171711.Gpp_500m,MOD17A2H,A2017073,Lat66.02328333Lon-137.2492667Samp13Line13,2017082171711,Gpp_500m,F,F,F,F,F,F,F,F,F,F,F,F,F,F,F,F,F,F,F,F,F,F,F,F,F,F,F,F,F,F,F,F,F,F,F,F,F,F,F,F,F,F,F,F,F,F,F,F,F,F,F,F,F,F,F,F,F,F,F,F,F,F,F,F,F,F,F,F,F,F,F,F,F,F,F,F,F,F,F,F,F,F,F,F,F,F,F,F,F,F,F,F,F,F,F,F,F,F,F,F,F,F,F,F,F,F,F,F,F,F,F,F,F,F,F,F,F,F,F,F,F,F,F,F,F,F,F,F,F,F,F,F,F,F,F,F,F,F,F,F,F,F,F,F,F,F,F,F,F,F,F,F,F,F,F,F,F,F,F,F,F,F,F,F,F,F,F,F,F
MOD17A2H.A2017081.h12v02.006.2017093001308.Gpp_500m,MOD17A2H,A2017081,Lat66.02328333Lon-137.2492667Samp13Line13,2017093001308,Gpp_500m,F,F,F,F,F,F,F,F,F,F,F,F,F,F,F,F,F,F,F,F,F,F,F,F,F,F,F,F,F,F,F,F,F,F,F,F,F,F,F,F,F,F,F,F,F,F,F,F,F,F,F,F,F,F,F,F,F,F,F,F,F,F,F,F,F,F,F,F,F,F,F,F,F,F,F,F,F,F,F,F,F,F,F,F,F,F,F,F,F,F,F,F,F,F,F,F,F,F,F,F,F,F,F,F,F,F,F,F,F,F,F,F,F,F,F,F,F,F,F,F,F,F,F,F,F,F,F,F,F,F,F,F,F,F,F,F,F,F,F,F,F,F,F,F,F,F,F,F,F,F,F,F,F,F,F,F,F,F,F,F,F,F,F,F,F,F,F,F,F
MOD17A2H.A2017089.h12v02.006.2017098041246.Gpp_500m,MOD17A2H,A2017089,Lat66.02328333Lon-137.2492667Samp13Line13,2017098041246,Gpp_500m,F,F,F,F,F,F,F,F,F,F,F,F,F,F,F,F,F,F,F,F,F,F,F,F,F,F,F,F,F,F,F,F,F,F,F,F,F,F,F,F,F,0,F,F,F,F,F,F,F,F,F,F,F,F,F,F,F,F,F,F,F,F,F,F,F,F,F,F,F,F,F,F,F,F,F,F,F,F,F,F,F,F,F,F,F,F,F,F,F,F,F,F,F,F,F,F,F,F,F,F,F,F,F,F,F,F,F,F,F,F,F,F,F,F,F,F,F,F,F,F,F,F,F,F,F,F,F,F,F,F,F,F,F,F,F,F,F,F,F,F,F,F,F,F,F,F,F,F,F,F,F,F,F,F,F,F,F,F,F,F,F,F,F,F,F,F,F,F,F
MOD17A2H.A2017097.h12v02.006.2017116223128.Gpp_500m,MOD17A2H,A2017097,Lat66.02328333Lon-137.2492667Samp13Line13,2017116223128,Gpp_500m,F,F,F,F,F,F,F,F,F,F,F,F,F,F,F,F,F,F,F,F,F,F,F,F,F,F,F,F,F,F,F,F,F,F,F,F,F,F,F,F,F,F,F,F,F,F,F,F,F,F,F,F,F,F,F,F,F,F,F,F,F,F,F,F,F,F,F,F,F,F,F,F,F,F,F,F,F,F,F,F,F,F,F,F,F,F,F,F,F,F,F,F,F,F,F,F,F,F,F,F,F,F,F,F,F,F,F,F,F,F,F,F,F,F,F,F,F,F,F,F,F,F,F,F,F,F,F,F,F,F,F,F,F,F,F,F,F,F,F,F,F,F,F,F,F,F,F,F,F,F,F,F,F,F,F,F,F,F,F,F,F,F,F,F,F,F,F,F,F
MOD17A2H.A2017105.h12v02.006.2017118135725.Gpp_500m,MOD17A2H,A2017105,Lat66.02328333Lon-137.2492667Samp13Line13,2017118135725,Gpp_500m,F,F,F,F,F,F,F,F,F,F,F,F,F,F,F,F,F,F,F,F,F,F,F,F,F,F,F,F,F,F,F,F,F,F,F,F,F,F,F,F,F,F,F,F,F,F,F,F,F,F,F,F,F,F,F,F,F,F,F,F,F,F,F,F,F,F,F,F,F,F,F,F,F,F,F,F,F,F,F,F,F,F,F,F,F,F,F,F,F,F,F,F,F,F,F,F,F,F,F,F,F,F,F,F,F,F,F,F,F,F,F,F,F,F,F,F,F,F,F,F,F,F,F,F,F,F,F,F,F,F,F,F,F,F,F,F,F,F,F,F,F,F,F,F,F,F,F,F,F,F,F,F,F,F,F,F,F,F,F,F,F,F,F,F,F,F,F,F,F
MOD17A2H.A2017113.h12v02.006.2017128144242.Gpp_500m,MOD17A2H,A2017113,Lat66.02328333Lon-137.2492667Samp13Line13,2017128144242,Gpp_500m,F,F,F,F,F,F,F,F,F,F,F,F,F,F,F,F,F,F,F,F,F,F,F,F,F,F,F,F,F,F,F,F,F,F,F,F,F,F,F,F,F,F,F,F,F,F,F,F,F,F,F,F,F,F,F,F,F,F,F,F,F,F,F,F,F,F,F,F,F,F,F,F,F,F,F,F,F,F,F,F,F,F,F,F,F,F,F,F,F,F,F,F,F,F,F,F,F,F,F,F,F,F,F,F,F,F,F,F,F,F,F,F,F,F,F,F,F,F,F,F,F,F,F,F,F,F,F,F,F,F,F,F,F,F,F,F,F,F,F,F,F,F,F,F,F,F,F,F,F,F,F,F,F,F,F,F,F,F,F,F,F,F,F,F,F,F,F,F,F
MOD17A2H.A2017121.h12v02.006.2017131064141.Gpp_500m,MOD17A2H,A2017121,Lat66.02328333Lon-137.2492667Samp13Line13,2017131064141,Gpp_500m,F,F,F,F,F,F,F,F,F,F,F,F,0.001,F,F,F,F,F,F,F,F,F,F,F,0.001,0.001,F,F,F,F,0.001,0.001,F,F,F,0.001,F,0.001,F,F,0.001,0.001,F,F,0.001,F,F,F,F,F,F,F,F,F,F,0.001,F,F,F,0.001,0.001,F,F,F,F,F,0.001,F,F,0.001,0.001,F,F,0.001,F,F,F,F,F,0.001,F,F,F,F,F,F,F,F,F,F,F,F,F,F,F,F,0.001,0.001,F,F,F,F,F,F,0.001,F,F,F,0.001,0.001,0.001,F,F,F,F,F,F,F,F,F,F,0.001,F,F,F,F,F,F,F,F,F,F,F,F,F,F,F,F,F,F,F,F,F,F,F,F,F,F,F,F,F,F,F,F,F,F,F,F,F,F,F,F,F,F,F,F,F,F,F
MOD17A2H.A2017129.h12v02.006.2017138041440.Gpp_500m,MOD17A2H,A2017129,Lat66.02328333Lon-137.2492667Samp13Line13,2017138041440,Gpp_500m,0.0083,0.0087,0.0077,0.0085,0.0052,0.0077,0.0048,0.0039,0.0028,0.0042,0.0066,0.0074,0.0074,0.0077,0.0053,0.0053,0.0028,0.0028,0.0042,0.0015,0.0015,0.0025,0.0065,0.0091,0.0095,0.0095,0.0032,0.0032,0.0025,0.0061,0.0061,0.0061,0.0095,0.0078,0.0085,0.0085,0.0095,0.0095,0.0031,0.0042,0.0055,0.0055,0.0088,0.0088,0.0086,0.0078,0.0075,0.0064,0.0047,0.0085,0.0077,0.0031,0.0055,0.0086,0.0086,0.0086,0.0085,0.0076,0.0055,0.0057,0.0052,0.0077,0.0055,0.0032,0.0031,0.0098,0.0088,0.0074,0.0061,0.0071,0.0071,0.0055,0.0031,0.0036,0.0032,0.0031,0.0031,0.0044,0.0075,0.0061,0.0055,0.0024,0.0031,0.0061,0.0036,0.0076,0.0051,0.003,0.0075,0.0075,0.003,0.0031,0.0031,0.0077,0.0076,0.0076,0.0055,0.0059,0.0075,0.0075,0.0087,0.0076,0.003,0.003,0.0036,0.0076,0.0047,0.0043,0.0075,0.0096,0.0111,0.0087,0.0059,0.0057,0.003,0.0025,0.005,0.0036,0.0043,0.0076,0.0025,0.0061,0.0076,0.0076,0.0054,0.0066,0.003,0.003,0.0057,0.0059,0.0025,0.003,0.0067,0.0067,0.009,0.0059,0.0066,0.0054,0.0057,0.0057,0.0067,0.0059,0.0059,0.0053,0.0067,0.0057,0.0059,0.0033,0.013,0.0076,0.0054,0.0054,0.0025,0.0024,0.0042,0.0042,0.0068,0.0057,0.0076,0.0087,0.0023,0.006,0.0054,0.0033,0.0024,0.0015,0.0015,0.0032,0.0033
MOD17A2H.A2017137.h12v02.006.2017146040921.Gpp_500m,MOD17A2H,A2017137,Lat66.02328333Lon-137.2492667Samp13Line13,2017146040921,Gpp_500m,0.0199,0.0199,0.005,0.0042,0.015,0.0163,0.0166,0.014,0.0158,0.0146,0.0146,0.0178,0.0163,0.0192,0.0158,0.015,0.0206,0.0196,0.0184,0.0146,0.0146,0.0146,0.0111,0.0109,0.013,0.0063,0.0171,0.0183,0.0183,0.0146,0.0111,0.0154,0.0124,0.0083,0.0109,0.0105,0.0072,0.0117,0.0055,0.0188,0.0154,0.0146,0.013,0.0166,0.0199,0.0163,0.0097,0.0067,0.0067,0.0064,0.0067,0.0131,0.0146,0.0159,0.0196,0.0199,0.0159,0.0117,0.0072,0.015,0.014,0.008,0.0109,F,0.0106,0.0196,0.0171,0.0163,0.0055,0.0055,0.0166,0.014,0.015,0.0199,0.0166,0.0184,0.0184,0.0199,0.0163,0.0213,0.0163,0.0189,0.0189,0.0166,0.0199,0.0221,0.0184,0.0191,0.0184,0.0184,0.0159,0.0163,0.0064,0.0106,0.0166,0.0159,0.008,0.0184,0.0184,0.0191,0.0189,0.0172,0.0141,0.0159,0.0031,0.0117,0.0073,0.015,0.0172,0.0191,0.0199,0.0199,0.0175,0.0159,0.0159,0.0154,0.0163,F,0.0207,0.0147,0.0147,0.0189,0.0172,0.0155,0.0154,0.0154,0.0159,0.0159,0.0166,0.0159,0.0025,0.0147,0.0139,0.0159,0.0166,0.0199,0.0188,0.0166,0.0191,0.0166,0.0197,0.0162,0.0162,0.0131,0.0184,0.0191,0.0159,0.0188,0.0163,0.0159,0.0166,0.0159,0.0146,0.0146,0.0146,0.0146,0.0189,0.0159,0.0159,0.0146,0.0141,0.0141,0.0141,0.0141,0.0141,0.0141,0.0141,0.0149,0.0149
MOD17A2H.A2017145.h12v02.006.2017154042340.Gpp_500m,MOD17A2H,A2017145,Lat66.02328333Lon-137.2492667Samp13Line13,2017154042340,Gpp_500m,0.023,0.0255,0.023,0.024,0.0196,0.0187,0.023,0.0237,0.0214,0.0196,0.0226,0.0216,0.0221,0.0225,0.0214,0.0221,0.0254,0.0254,0.024,0.0215,0.0196,0.0201,0.0221,0.023,0.0236,0.0222,0.0221,0.0214,0.0226,0.0226,0.0215,0.0226,0.0237,0.0247,0.023,0.023,0.0231,0.0222,0.0198,0.0226,0.023,0.0226,0.0226,0.023,0.0247,0.023,0.0212,0.0227,0.0222,0.0223,0.0223,0.0223,0.0226,0.0226,0.0247,0.023,0.0227,0.0231,0.0227,0.0231,0.0232,0.0227,0.0223,0.0227,0.0212,0.0237,0.0236,0.0227,0.0241,0.0236,0.0247,0.0227,0.0227,0.0207,0.0189,0.0189,0.0224,0.0232,0.0236,0.0211,0.0211,0.0227,0.0211,0.0223,0.0223,0.0232,0.0232,0.0224,0.0224,0.0224,0.0224,0.0222,0.0189,0.0223,0.0223,0.0236,0.0248,0.0248,0.0232,0.0228,0.0228,0.0224,0.0193,0.0193,0.0223,0.0212,0.0223,0.0224,0.0227,0.0237,0.0232,0.0232,0.0233,0.0237,0.0327,0.0321,0.0337,0.0216,0.0224,0.0227,0.0228,0.0216,0.0213,0.0237,0.0243,0.0331,0.0321,0.0268,0.0268,0.0238,0.0224,0.0224,0.0207,0.0213,0.0233,0.0262,0.0348,0.0331,0.0253,0.0253,0.0238,0.0229,0.0234,0.0232,0.0228,0.0242,0.0262,0.0297,0.0228,0.0217,0.0208,0.0229,0.0229,0.0217,0.0214,0.0184,0.0237,0.0228,0.0282,0.0198,0.0217,0.0208,0.0199,0.0213,0.0217,0.0214,0.0198,0.019,0.0235
MOD17A2H.A2017153.h12v02.006.2017163194208.Gpp_500m,MOD17A2H,A2017153,Lat66.02328333Lon-137.2492667Samp13Line13,2017163194208,Gpp_500m,0.0304,0.0309,0.0323,0.0314,0.0305,0.0305,0.0299,0.0329,0.0329,0.0347,0.0315,0.0299,0.0285,0.0293,0.0276,0.0276,0.0341,0.0346,0.036,0.0271,0.0294,0.029,0.029,0.029,0.0309,0.0278,0.0276,0.0276,0.0271,0.0264,0.0319,0.0309,0.0309,0.0294,0.029,0.029,0.0278,0.0271,0.026,0.0309,0.0309,0.0314,0.0278,0.0309,0.0299,0.0276,0.0264,0.0264,0.0271,0.0264,0.026,0.025,0.0304,0.0275,0.0299,0.0285,0.0271,0.0285,0.0279,0.0285,0.0275,0.0275,0.026,0.026,0.027,0.029,0.0278,0.0271,0.029,0.0298,0.0299,0.0295,0.0265,0.0275,0.026,0.026,0.0275,0.0275,0.0278,0.0264,0.0264,0.026,0.0244,0.0265,0.0284,0.0275,0.0275,0.027,0.0275,0.0275,0.0266,0.0271,0.0256,0.0244,0.027,0.0284,0.0281,0.027,0.027,0.027,0.027,0.027,0.027,0.0269,0.0256,0.026,0.0241,0.027,0.027,0.0275,0.0275,0.028,0.028,0.027,0.0269,0.0275,0.0275,0.0255,0.0255,0.026,0.0259,0.027,0.028,0.028,0.029,0.029,0.0286,0.0295,0.0286,0.0279,0.0255,0.0255,0.027,0.0275,0.0275,0.0284,0.028,0.0286,0.0295,0.0275,0.0269,0.0269,0.0274,0.0255,0.027,0.028,0.0265,0.028,0.028,0.0265,0.0255,0.0269,0.0269,0.0274,0.0274,0.026,0.0275,0.0275,0.0255,0.0245,0.025,0.0265,0.0269,0.0269,0.0261,0.0261,0.0268,0.026,0.027
MOD17A2H.A2017161.h12v02.006.2017172165918.Gpp_500m,MOD17A2H,A2017161,Lat66.02328333Lon-137.2492667Samp13Line13,2017172165918,Gpp_500m,0.0363,0.0377,0.0367,0.0378,0.0378,0.0382,0.0363,0.0438,0.0378,0.0402,0.0357,0.0331,0.0352,0.0302,0.0351,0.0372,0.0408,0.0434,0.04,0.0342,0.0331,0.0393,0.0331,0.0387,0.0348,0.0312,0.0316,0.0351,0.0383,0.0336,0.0342,0.0366,0.0342,0.0387,0.0364,0.0322,0.0305,0.0302,0.0287,0.0336,0.0336,0.0383,0.0313,0.0326,0.0356,0.0322,0.0316,0.0316,0.0296,0.0291,0.0287,0.0287,0.0275,0.0295,0.0312,0.0322,0.0326,0.0316,0.0305,0.0326,0.0342,0.0305,0.0332,0.0327,0.0296,0.0322,0.0322,0.0326,0.0331,0.0316,0.0316,0.0342,0.0312,0.0312,0.0357,0.0352,0.0357,0.0332,0.0316,0.0296,0.0302,0.0302,0.0264,0.0312,0.0357,0.0316,0.0321,0.0342,0.0342,0.0342,0.0302,0.0291,0.0287,0.0269,0.0312,0.0357,0.0348,0.0342,0.0336,0.0332,0.0342,0.028,0.0269,0.0311,0.0269,0.0276,0.029,0.0269,0.0296,0.0336,0.0332,0.0328,0.0311,0.032,0.0321,0.0316,0.0291,0.028,0.029,0.0269,0.0311,0.0328,0.0328,0.032,0.0316,0.0321,0.0321,0.0316,0.0291,0.0301,0.0265,0.0269,0.0304,0.0305,0.0328,0.0316,0.0297,0.0301,0.0301,0.0291,0.0306,0.0348,0.0332,0.0266,0.0305,0.0328,0.0328,0.0287,0.0301,0.0321,0.0297,0.0306,0.0286,0.0267,0.0301,0.0332,0.0297,0.0269,0.0269,0.0301,0.0301,0.0297,0.0267,0.0255,0.025,0.0255,0.028,0.0306,0.0291
MOD17A2H.A2017169.h12v02.006.2017178125412.Gpp_500m,MOD17A2H,A2017169,Lat66.02328333Lon-137.2492667Samp13Line13,2017178125412,Gpp_500m,0.0491,0.0478,0.0491,0.0452,0.0486,0.0441,0.0466,0.0523,0.0538,0.0524,0.0459,0.0414,0.0504,0.044,0.0445,0.0452,0.0611,0.0547,0.0648,0.0492,0.0453,0.0465,0.0419,0.0504,0.0465,0.0387,0.0445,0.0453,0.0453,0.0459,0.0551,0.0558,0.051,0.0426,0.0452,0.0374,0.0387,0.042,0.0387,0.0498,0.0523,0.0524,0.0524,0.0433,0.0407,0.0374,0.0366,0.0359,0.0451,0.0439,0.0359,0.0373,0.0399,0.04,0.0386,0.044,0.0374,0.0401,0.0458,0.0401,0.0439,0.0367,0.0353,0.0373,0.0406,0.0453,0.04,0.0359,0.0401,0.0478,0.0447,0.0439,0.0302,0.0296,0.0373,0.0395,0.0395,0.036,0.0414,0.0426,0.042,0.0447,0.0379,0.0314,0.0314,0.0387,0.038,0.0439,0.0439,0.0306,0.0289,0.0373,0.0387,0.0353,0.0394,0.042,0.04,0.04,0.0314,0.0439,0.0329,0.0289,0.036,0.0413,0.0359,0.0394,0.038,0.036,0.0354,0.0373,0.0329,0.0329,0.0314,0.0289,0.0406,0.04,0.0387,0.0373,0.0387,0.0395,0.0334,0.0341,0.0335,0.04,0.0412,0.0413,0.0393,0.04,0.0419,0.0427,0.0366,0.0289,0.0387,0.0367,0.0412,0.0427,0.0413,0.0427,0.0419,0.0419,0.0387,0.0407,0.0386,0.0394,0.0394,0.0329,0.0393,0.0427,0.0406,0.0367,0.0387,0.0359,0.0354,0.0386,0.0373,0.0466,0.0296,0.0386,0.0386,0.0379,0.0366,0.0354,0.0359,0.0354,0.0353,0.0353,0.0373,0.0426,0.04
MOD17A2H.A2017177.h12v02.006.2017191212624.Gpp_500m,MOD17A2H,A2017177,Lat66.02328333Lon-137.2492667Samp13Line13,2017191212624,Gpp_500m,0.0547,0.0527,0.0482,0.0519,0.0533,0.0533,0.0527,0.0547,0.0575,0.0604,0.0604,0.0487,0.051,0.0512,0.0511,0.0496,0.0708,0.072,0.07,0.0532,0.0583,0.0532,0.0532,0.0532,0.051,0.0519,0.052,0.0527,0.0504,0.0527,0.0618,0.0618,0.0569,0.0526,0.0532,0.0496,0.0496,0.0504,0.0446,0.054,0.0568,0.0618,0.051,0.0569,0.0526,0.0526,0.0454,0.0423,0.0432,0.0416,0.0416,0.0439,0.052,0.051,0.051,0.052,0.0454,0.051,0.0423,0.0454,0.0454,0.0503,0.0439,0.0462,0.0454,0.0482,0.0453,0.0561,0.0481,0.051,0.0504,0.0503,0.0409,0.0467,0.0474,0.0467,0.0454,0.0454,0.0454,0.0474,0.044,0.0423,0.0382,0.0409,0.0431,0.0454,0.048,0.0466,0.0487,0.0467,0.0424,0.0409,0.0396,0.0381,0.0423,0.0439,0.0454,0.048,0.0525,0.0525,0.0509,0.0454,0.0467,0.0552,0.0396,0.0416,0.0401,0.0454,0.048,0.0501,0.0525,0.0509,0.0501,0.0489,0.0496,0.0559,0.0467,0.0439,0.0423,0.0431,0.0454,0.048,0.0474,0.0467,0.0489,0.0496,0.0489,0.051,0.0494,0.0524,0.0416,0.0431,0.0467,0.0509,0.0501,0.0489,0.0502,0.0516,0.0494,0.0494,0.0517,0.0517,0.048,0.0438,0.0467,0.0461,0.0509,0.0516,0.048,0.043,0.043,0.0494,0.0488,0.0488,0.0474,0.0502,0.0454,0.046,0.046,0.0445,0.0415,0.0494,0.0494,0.043,0.0488,0.0452,0.0494,0.0531,0.0502
MOD17A2H.A2017185.h12v02.006.2017199123559.Gpp_500m,MOD17A2H,A2017185,Lat66.02328333Lon-137.2492667Samp13Line13,2017199123559,Gpp_500m,0.0517,0.0523,0.0538,0.0565,0.051,0.0593,0.0593,0.0544,0.0572,0.0572,0.0545,0.0505,0.0435,0.0551,0.0551,0.0552,0.0744,0.0714,0.0724,0.0484,0.045,0.045,0.0485,0.0498,0.0497,0.0524,0.0464,0.0464,0.049,0.0531,0.0565,0.0531,0.049,0.049,0.0458,0.0458,0.0485,0.0524,0.0532,0.0505,0.0515,0.0544,0.0457,0.0513,0.0388,0.0136,0.0272,0.0485,0.0531,0.0532,0.045,0.043,0.0457,0.0361,0.0513,0.0458,0.032,0.0538,0.0538,0.0511,0.0511,0.0477,0.043,0.0511,0.0517,0.0416,0.0435,0.0363,0.0505,0.0505,0.0531,0.0477,0.0477,0.0477,0.0484,0.0517,0.0512,0.0505,0.0497,0.0524,0.0524,0.0477,0.0429,0.0429,0.0511,0.0517,0.0484,0.0505,0.0457,0.0457,0.0451,0.0477,0.0464,0.045,0.0472,0.0484,0.0484,0.0491,0.0479,0.0457,0.0457,0.0457,0.045,0.0485,0.0464,0.0464,0.0435,0.043,0.0479,0.0416,0.0369,0.0369,0.0369,0.0424,0.0479,0.0472,0.0451,0.0435,0.043,0.043,0.043,0.0327,0.0348,0.0369,0.0424,0.0436,0.0478,0.0402,0.0472,0.0473,0.03,0.0355,0.0403,0.0423,0.0526,0.0526,0.0512,0.0478,0.0491,0.0486,0.0458,0.045,0.045,0.0512,0.0512,0.0497,0.0539,0.0436,0.0485,0.0443,0.0401,0.0424,0.0342,0.0342,0.0424,0.0409,0.0408,0.0458,0.0313,0.039,0.0436,0.0401,0.0296,0.0184,0.0159,0.0321,0.0521,0.0437,0.0343
MOD17A2H.A2017193.h12v02.006.2017202045618.Gpp_500m,MOD17A2H,A2017193,Lat66.02328333Lon-137.2492667Samp13Line13,2017202045618,Gpp_500m,0.0422,0.0435,0.0435,0.0429,0.0429,0.0417,0.0417,0.0429,0.0411,0.0467,0.044,0.0389,0.04,0.0435,0.0399,0.0399,0.0506,0.053,0.0554,0.0429,0.0411,0.0411,0.0411,0.0425,0.0425,0.0389,0.0399,0.0389,0.0411,0.0411,0.048,0.048,0.044,0.0425,0.0405,0.04,0.04,0.04,0.0356,0.0434,0.0435,0.0457,0.048,0.044,0.0405,0.04,0.0379,0.0384,0.0373,0.0373,0.0373,0.0394,0.0395,0.0405,0.0405,0.0405,0.04,0.0411,0.0411,0.0406,0.045,0.0384,0.0406,0.0385,0.0394,0.044,0.0395,0.0395,0.0411,0.0411,0.0411,0.0425,0.0394,0.039,0.0385,0.0394,0.0394,0.04,0.0395,0.0394,0.0366,0.0366,0.0384,0.0394,0.039,0.0391,0.0406,0.0418,0.0419,0.0394,0.0393,0.0361,0.0367,0.0384,0.0385,0.0385,0.0401,0.04,0.04,0.0419,0.0412,0.0406,0.0406,0.0368,0.0334,0.0361,0.0355,0.035,0.04,0.04,0.0394,0.0393,0.0378,0.0368,0.0368,0.0368,0.0379,0.0334,0.0323,0.0373,0.0372,0.0378,0.0356,0.0378,0.0368,0.0368,0.0369,0.04,0.0406,0.0385,0.0334,0.0341,0.0361,0.0368,0.0356,0.0362,0.0362,0.0373,0.0379,0.0406,0.04,0.0373,0.0419,0.0356,0.0356,0.0373,0.0368,0.0362,0.0373,0.0356,0.0368,0.0373,0.0373,0.0367,0.0374,0.0397,0.0362,0.0347,0.0351,0.0346,0.0346,0.0357,0.0379,0.0385,0.0367,0.0374,0.038,0.0374,0.0351
MOD17A2H.A2017201.h12v02.006.2017212170355.Gpp_500m,MOD17A2H,A2017201,Lat66.02328333Lon-137.2492667Samp13Line13,2017212170355,Gpp_500m,0.0175,0.0175,0.0181,0.0228,0.0221,0.0233,0.0233,0.0182,0.0168,0.0277,0.026,0.0256,0.0237,0.0207,0.0207,0.0221,0.0315,0.032,0.0307,0.0242,0.0242,0.0282,0.0247,0.0289,0.0282,0.0299,0.0207,0.0233,0.0238,0.0247,0.0282,0.0287,0.0282,0.0295,0.0273,0.0291,0.0291,0.0299,0.0296,0.0238,0.0262,0.0262,0.0287,0.026,0.026,0.0287,0.0291,0.0282,0.0287,0.0296,0.0292,0.0296,0.0234,0.0237,0.0256,0.0256,0.0287,0.0295,0.0308,0.0336,0.0299,0.0296,0.0296,0.0309,0.0317,0.0256,0.0242,0.0299,0.0308,0.0287,0.0336,0.0336,0.0283,0.0292,0.0296,0.0257,0.0261,0.0207,0.0261,0.0277,0.0287,0.0276,0.0384,0.0317,0.0287,0.0292,0.0181,0.0261,0.0292,0.0202,0.0234,0.0287,0.0276,0.0384,0.0287,0.0284,0.0257,0.0181,0.0256,0.0256,0.0277,0.0172,0.0164,F,0.0269,0.0273,0.0242,0.019,0.0269,0.0296,0.0313,0.0277,0.0265,0.0203,F,F,F,0.0247,0.019,0.0184,0.0287,0.0313,0.0265,0.0238,F,F,0.0124,0.026,0.0217,0.0249,0.0238,0.0242,0.0313,0.0323,0.0309,F,0.0186,0.034,0.0367,0.0335,0.03,0.03,0.0266,0.0242,0.0299,0.0291,0.0265,0.0288,0.0299,0.0367,0.0298,0.03,0.03,0.0234,0.0288,0.0291,0.0291,0.0288,0.0371,0.0299,0.0274,0.0284,0.0291,0.0298,0.026,0.0291,0.0291,0.0289,0.0289
MOD17A2H.A2017209.h12v02.006.2017218055750.Gpp_500m,MOD17A2H,A2017209,Lat66.02328333Lon-137.2492667Samp13Line13,2017218055750,Gpp_500m,0.044,0.0415,0.0428,0.0428,0.0447,0.0404,0.041,0.0462,0.0475,0.0489,0.0462,0.0435,0.0373,0.0379,0.0373,0.0379,0.0513,0.0522,0.0537,0.0404,0.0435,0.0435,0.0397,0.0435,0.0415,0.0385,0.0398,0.0404,0.045,0.041,0.0506,0.0494,0.0458,0.0428,0.0423,0.0411,0.0404,0.0391,0.038,0.045,0.0475,0.0397,0.041,0.0435,0.0428,0.0397,0.038,0.0391,0.0385,0.0368,0.0368,0.0362,0.0397,0.041,0.0435,0.0411,0.0411,0.0428,0.041,0.044,0.0448,0.0368,0.0368,0.0387,0.041,0.0423,0.0397,0.0411,0.0428,0.0436,0.0448,0.0448,0.0391,0.0362,0.0387,0.0397,0.0397,0.0397,0.0397,0.0415,0.0368,0.0391,0.0385,0.0356,0.0397,0.0404,0.0387,0.0391,0.0397,0.0436,0.0416,0.0368,0.0385,0.0337,0.0374,0.0387,0.0416,0.0387,0.0391,0.0416,0.0404,0.0416,0.0374,0.0392,0.0344,0.038,0.0368,0.038,0.0368,0.0391,0.041,0.0391,0.0391,0.0387,0.0392,0.038,0.0387,0.035,0.0374,0.0374,0.0387,0.041,0.0391,0.0391,0.0392,0.041,0.0398,0.0398,0.041,0.0417,0.0374,0.0387,0.0391,0.0391,0.0391,0.0404,0.041,0.0422,0.0422,0.0392,0.041,0.0404,0.0423,0.0387,0.0416,0.0416,0.0404,0.041,0.041,0.0368,0.0392,0.0417,0.041,0.0392,0.0399,0.0399,0.0387,0.0374,0.041,0.038,0.038,0.0392,0.0417,0.0398,0.0398,0.0387,0.0399,0.0399,0.0393
MOD17A2H.A2017217.h12v02.006.2017234160530.Gpp_500m,MOD17A2H,A2017217,Lat66.02328333Lon-137.2492667Samp13Line13,2017234160530,Gpp_500m,0.0379,0.0379,0.0369,0.0396,0.0363,0.0386,0.0347,0.0359,0.0352,0.0396,0.0336,0.032,0.0336,0.0347,0.0314,0.0325,0.0429,0.0413,0.0453,0.0337,0.0434,0.0336,0.0347,0.0347,0.0347,0.0324,0.0325,0.0352,0.0314,0.0347,0.0476,0.0396,0.0386,0.0368,0.0368,0.032,0.034,0.0336,0.032,0.0352,0.0352,0.0386,0.0396,0.0379,0.0379,0.0368,0.033,0.0314,0.033,0.0346,0.0297,0.0346,0.0341,0.0341,0.0341,0.0362,0.032,0.033,0.0336,0.0399,0.0434,0.0336,0.0346,0.0351,0.0399,0.0396,0.033,0.0373,0.0389,0.0407,0.0426,0.0358,0.0346,0.0313,0.0313,0.0395,0.0411,0.0399,0.0362,0.0389,0.0347,0.0269,0.0358,0.0287,0.033,0.0395,0.0395,0.0411,0.0395,0.0384,0.0361,0.0314,0.0314,0.0266,0.0309,0.0385,0.0384,0.0388,0.0388,0.0395,0.0395,0.0378,0.0361,0.0378,0.0293,0.0309,0.0303,0.0323,0.0373,0.0361,0.0358,0.035,0.0368,0.0421,0.0378,0.0373,0.0361,0.0323,0.0351,0.0351,0.0384,0.0384,0.0373,0.0368,0.0378,0.0406,0.0377,0.0361,0.0368,0.0388,0.0388,0.0379,0.0384,0.0368,0.035,0.0373,0.0377,0.0383,0.0373,0.0368,0.0367,0.0346,0.0333,0.0379,0.0378,0.0388,0.0361,0.034,0.0383,0.0357,0.0394,0.0388,0.0346,0.0323,0.0323,0.034,0.0388,0.0378,0.034,0.034,0.0383,0.0388,0.0388,0.0323,0.0383,0.0421,0.034,0.0345,0.0356
MOD17A2H.A2017225.h12v02.006.2017234163945.Gpp_500m,MOD17A2H,A2017225,Lat66.02328333Lon-137.2492667Samp13Line13,2017234163945,Gpp_500m,0.0304,0.0281,0.0285,0.0269,0.0269,0.0243,0.0294,0.0313,0.0322,0.0276,0.0296,0.0269,0.0244,0.0269,0.0243,0.0253,0.0316,0.0316,0.0316,0.0261,0.0301,0.0256,0.0256,0.0285,0.0301,0.0296,0.0253,0.0253,0.0263,0.0303,0.0303,0.0301,0.0301,0.0285,0.0269,0.0294,0.0269,0.0286,0.0286,0.0263,0.0269,0.0303,0.0287,0.028,0.028,0.0311,0.0294,0.0313,0.028,0.0254,0.0286,0.0287,0.0241,0.0241,0.0336,0.0318,0.0301,0.0311,0.0318,0.0337,0.0272,0.0254,0.0248,0.0255,0.0287,0.0303,0.0296,0.0301,0.0318,0.028,0.0254,0.0287,0.0254,0.0254,0.0247,0.0289,0.028,0.0287,0.0287,0.0264,0.0244,0.0254,0.0254,0.0219,0.0261,0.0277,0.0269,0.0269,0.0287,0.0269,0.027,0.0244,0.0244,0.0264,0.0277,0.0264,0.0295,0.0287,0.0287,0.028,0.028,0.028,0.027,0.0279,0.0264,0.0277,0.0245,0.0224,0.0264,0.0287,0.028,0.028,0.0278,0.027,0.0281,0.027,0.027,0.0254,0.0272,0.0264,0.0269,0.028,0.028,0.0278,0.0289,0.0293,0.0293,0.027,0.0278,0.0286,0.0269,0.0255,0.0264,0.028,0.0289,0.0281,0.0264,0.0293,0.0293,0.0272,0.0264,0.0286,0.0278,0.0264,0.0272,0.0287,0.0264,0.0281,0.0264,0.0262,0.0245,0.0264,0.0247,0.0245,0.0262,0.0262,0.0261,0.0245,0.0228,0.0228,0.0231,0.0245,0.0247,0.0262,0.0254,0.024,0.0264,0.0262,0.0256
MOD17A2H.A2017233.h12v02.006.2019120195639.Gpp_500m,MOD17A2H,A2017233,Lat66.02328333Lon-137.2492667Samp13Line13,2019120195639,Gpp_500m,0.018,0.018,0.018,0.017,0.0151,0.0151,0.0154,0.02,0.0183,0.0206,0.0206,0.0164,0.0189,0.0145,0.0157,0.0157,0.0196,0.0196,0.0203,0.0164,0.0164,0.022,0.0164,0.0207,0.0183,0.0183,0.0154,0.0154,0.0177,0.0177,0.0202,0.0189,0.0192,0.022,0.0192,0.0189,0.0233,0.0189,0.0183,0.0154,0.02,0.02,0.0189,0.0207,0.0225,0.0164,0.0189,0.0175,0.0183,0.0164,0.0164,0.0149,0.0157,0.0177,0.018,0.022,0.0175,0.0154,0.018,0.0214,0.0213,0.0189,0.0189,0.017,0.017,0.0177,0.0177,0.018,0.0189,0.0207,0.0197,0.0239,0.018,0.0192,0.0183,0.0157,0.0157,0.0177,0.0202,0.0151,0.0154,0.0177,0.0183,0.018,0.0202,0.02,0.02,0.0209,0.0188,0.0177,0.0188,0.0177,0.0177,0.0155,0.0162,0.0177,0.018,0.0189,0.0207,0.018,0.0197,0.017,0.0177,0.0144,0.0169,0.0155,0.0149,0.0169,0.0188,0.0164,0.017,0.0188,0.0189,0.0184,0.0177,0.0189,0.0209,0.0157,0.0169,0.0169,0.0175,0.0188,0.0188,0.0189,0.0189,0.0175,0.0168,0.0189,0.0213,0.0189,0.0169,0.0168,0.0168,0.0188,0.0197,0.0196,0.0189,0.0189,0.0196,0.0189,0.0189,0.0189,0.0158,0.0168,0.0184,0.0189,0.0213,0.0189,0.0189,0.0175,0.0175,0.0177,0.0177,0.0188,0.0148,0.0168,0.0184,0.0155,0.017,0.0155,0.0155,0.017,0.0177,0.0155,0.0155,0.0155,0.0142,0.0138,0.0177
MOD17A2H.A2017241.h12v02.006.2017250145038.Gpp_500m,MOD17A2H,A2017241,Lat66.02328333Lon-137.2492667Samp13Line13,2017250145038,Gpp_500m,0.0138,0.0155,0.0155,0.0147,0.0132,0.0135,0.0135,0.0135,0.0165,0.0171,0.0144,0.0154,0.0173,0.0135,0.0132,0.0132,0.016,0.0162,0.0162,0.0135,0.0135,0.0135,0.0135,0.0155,0.0155,0.0138,0.0132,0.0135,0.0135,0.0154,0.0154,0.0155,0.0155,0.015,0.015,0.0136,0.0138,0.0138,0.0116,0.0136,0.0154,0.0135,0.0143,0.0155,0.015,0.015,0.0136,0.0136,0.0128,0.0128,0.0128,0.0128,0.0136,0.0095,0.0095,0.0106,0.0113,0.0071,0.0113,0.0138,0.0169,0.0126,0.0138,0.0126,0.0135,0.0124,0.0126,0.0113,0.0143,0.0154,0.0132,0.0169,0.0143,0.0116,0.0113,0.0126,0.0126,0.0142,0.0154,0.0143,0.0135,0.0154,0.0116,0.0128,0.0128,0.0113,0.0126,0.0128,0.0128,0.0136,0.0129,0.0144,0.0126,0.0124,0.0128,0.0128,0.0124,0.0138,0.0142,0.0128,0.0126,0.0135,0.0131,0.0124,0.0128,0.0113,0.0124,0.0113,0.0124,0.0142,0.0136,0.0128,0.0131,0.0142,0.0136,0.0124,0.0129,0.0113,0.0118,0.0118,0.0124,0.0132,0.0135,0.0135,0.0139,0.0139,0.0136,0.0142,0.0144,0.0139,0.0124,0.0121,0.0121,0.0131,0.0136,0.0136,0.0136,0.0136,0.0142,0.0139,0.0139,0.0135,0.0126,0.0124,0.0131,0.0136,0.0136,0.0136,0.0124,0.0109,0.013,0.013,0.0112,0.0109,0.0109,0.0121,0.0126,0.0108,0.0108,0.0109,0.0109,0.0109,0.0109,0.0109,0.0112,0.0109,0.0109,0.0109,0.0123
MOD17A2H.A2017249.h12v02.006.2017262143815.Gpp_500m,MOD17A2H,A2017249,Lat66.02328333Lon-137.2492667Samp13Line13,2017262143815,Gpp_500m,0.0084,0.0084,0.0068,0.0059,0.0073,0.0069,0.0058,0.0076,0.0087,0.0078,0.0062,0.0087,0.0097,0.0044,0.0044,0.0075,0.0086,0.0079,0.0075,0.0045,0.008,0.0058,0.0071,0.0081,0.009,0.0074,0.0075,0.0069,0.0069,0.0068,0.0085,0.0084,0.0081,0.0089,0.0084,0.009,0.0081,0.0052,0.0052,0.0069,0.0062,0.0052,0.0069,0.0084,0.0084,0.0071,0.0071,0.0069,0.0069,0.0064,0.0069,0.0069,0.0069,0.0069,0.0084,0.0078,0.0071,0.008,0.0099,0.0069,0.0069,0.0071,0.0069,0.0069,0.0067,0.0081,0.0075,0.0069,0.0062,0.0062,0.008,0.0069,0.0099,0.0062,0.0078,0.006,0.0069,0.0068,0.0081,0.0071,0.0045,0.0045,0.0085,0.0044,0.0116,0.0076,0.0058,0.0069,0.0086,0.0068,0.0068,0.0068,0.0074,0.0074,0.0074,0.0069,0.0069,0.0076,0.0073,0.0068,0.0074,0.0074,0.0068,0.0058,0.0074,0.0082,0.0059,0.0069,0.0074,0.0069,0.0068,0.0068,0.0085,0.0074,0.0068,0.0061,0.0061,0.0061,0.0054,0.0074,0.0062,0.0062,0.0068,0.0068,0.0074,0.0068,0.0068,0.0074,0.0074,0.0071,0.0071,0.0074,0.0061,0.0062,0.0073,0.0076,0.0074,0.0074,0.0074,0.0083,0.0068,0.0071,0.0068,0.0056,0.0062,0.0071,0.0056,0.0068,0.0061,0.0056,0.0058,0.0068,0.0068,0.0085,0.0083,0.0068,0.0071,0.0056,0.0054,0.0058,0.0058,0.0058,0.0058,0.0076,0.0083,0.0083,0.006,0.0074,0.0095
MOD17A2H.A2017257.h12v02.006.2017266044137.Gpp_500m,MOD17A2H,A2017257,Lat66.02328333Lon-137.2492667Samp13Line13,2017266044137,Gpp_500m,0.007,0.0071,0.0071,0.0071,0.0053,0.0053,0.0055,0.0075,0.0071,0.0064,0.0064,0.0071,0.007,0.0055,0.0064,0.0053,0.0064,0.0064,0.0048,0.0053,0.0053,0.0055,0.0071,0.0077,0.007,0.0071,0.0059,0.007,0.0059,0.007,0.0075,0.007,0.0083,0.0077,0.0077,0.007,0.007,0.0059,0.007,0.0075,0.007,0.0065,0.007,0.0075,0.0075,0.0077,0.007,0.0059,0.007,0.007,0.0077,0.007,0.0065,0.0077,0.008,0.007,0.007,0.007,0.008,0.007,0.007,0.0072,0.007,0.007,0.007,0.0071,0.007,0.007,0.008,0.007,0.0087,0.0072,0.007,0.007,0.007,0.006,0.007,0.0083,0.007,0.0059,0.0059,0.0059,0.0059,0.0059,0.0072,0.0077,0.0077,0.006,0.0077,0.0077,0.0077,0.0059,0.0059,0.007,0.007,0.0077,0.008,0.0087,0.008,0.0077,0.008,0.0077,0.0077,0.007,0.007,0.0077,0.0059,0.006,0.0087,0.0087,0.0077,0.008,0.0083,0.0083,0.007,0.007,0.008,0.006,0.006,0.006,0.0059,0.007,0.0077,0.007,0.007,0.007,0.007,0.0072,0.007,0.0083,0.0059,0.0055,0.0055,0.007,0.007,0.007,0.0077,0.007,0.007,0.007,0.0064,0.0059,0.0059,0.0059,0.0055,0.007,0.007,0.0059,0.0059,0.0057,0.0064,0.0059,0.0055,0.0055,0.0059,0.0059,0.0057,0.006,0.006,0.007,0.007,0.0055,0.0055,0.0055,0.006,0.006,0.006,0.0055,0.007
MOD17A2H.A2017265.h12v02.006.2017276182605.Gpp_500m,MOD17A2H,A2017265,Lat66.02328333Lon-137.2492667Samp13Line13,2017276182605,Gpp_500m,0.0008,0.0008,0.0008,0.0008,0.0019,0.0019,0.002,0.0008,0.0018,0.0018,0.0008,0.0008,0.0008,0.0011,0.002,0.002,0.0029,0.0008,0.001,0.0008,0.0008,0.0008,0.0008,0.0008,0.0008,0.0008,0.002,0.0008,0.0008,0.0008,0.0008,0.0008,0.0008,0.0008,0.0008,0.0008,0.0008,0.0008,0.001,0.0008,0.0008,0.0008,0.0008,0.0008,0.0008,0.0008,0.0008,0.0008,0.0008,0.0008,0.0008,0.0008,0.0011,0.0008,0.0008,0.0008,0.0008,0.0008,0.0008,0.0025,0.0008,0.0008,0.0008,0.0008,0.0008,0.0008,0.0018,0.0008,0.0016,0.0025,0.0025,0.0025,0.0033,0.0028,0.0008,0.0008,0.0008,0.0008,0.0025,0.001,0.0018,0.0025,0.0025,0.0029,0.0028,0.0008,0.0008,0.0008,0.0018,0.0018,0.0018,0.0008,0.0008,0.0008,0.0029,0.0008,0.001,0.0018,0.0018,0.0018,0.0008,0.0008,0.0008,0.0008,0.0008,0.0008,0.001,0.0009,0.0009,0.0018,0.0008,0.0008,0.0008,0.0008,0.0008,0.0011,0.001,0.0018,0.0018,0.0034,0.0025,0.0008,0.0008,0.0008,0.0008,0.0008,0.0008,0.0011,0.001,0.0009,0.0019,0.0008,0.0008,0.0008,0.0008,0.0008,0.0008,0.0008,0.001,0.001,F,F,0.0008,0.0008,0.0008,0.0008,0.0008,0.0008,0.0008,0.001,0.0009,F,F,0.002,0.0011,0.0018,0.0008,0.0008,0.0008,0.0008,0.0008,0.0009,0.0008,F,0.0014,0.001,0.001,0.0011,0.0033
MOD17A2H.A2017273.h12v02.006.2017282041904.Gpp_500m,MOD17A2H,A2017273,Lat66.02328333Lon-137.2492667Samp13Line13,2017282041904,Gpp_500m,0.0022,0.0025,0.0025,0.0019,0.0017,0.0017,0.0019,0.0019,0.0017,0.0025,0.0019,0.0019,0.0022,0.0017,0.0017,0.0019,0.0028,0.0007,0.0007,0.0017,0.0007,0.0017,0.0022,0.0022,0.0022,0.0022,0.0019,0.0017,F,0.0019,0.0017,0.0019,0.0022,0.0022,0.0026,0.0022,0.0022,0.0018,0.0019,0.0022,0.0023,0.0025,0.0019,0.0022,0.0026,0.0019,0.0017,0.0026,0.0022,0.0022,0.0026,0.0026,0.0025,0.0026,0.0022,0.0026,0.0022,0.0017,0.0026,0.0026,0.0022,0.0019,0.0022,0.0026,0.0019,0.0022,0.0028,0.0028,0.0028,0.0026,0.0026,0.0028,0.0019,0.0019,0.0026,0.0016,0.0019,0.0028,0.0028,0.0019,0.0017,0.0026,0.0017,0.0026,0.0019,0.0026,0.0026,0.0019,0.0022,0.0026,0.0026,0.0026,0.0017,0.0026,0.0022,0.0022,0.0028,0.0028,0.0022,0.0022,0.0027,0.0022,0.0022,0.0026,0.0022,0.0022,0.0026,0.0007,0.0028,0.0027,0.0022,0.0027,0.0027,0.0027,0.0026,0.0026,0.0026,0.0026,0.0026,0.0026,0.0026,0.0019,0.0022,0.0026,0.0028,0.0026,0.0026,0.0029,0.0029,0.0027,0.0026,0.0026,0.0019,0.0019,0.0027,0.0028,0.0027,0.0027,0.0029,0.0029,0.0029,0.0029,0.0023,0.0019,0.002,0.0022,0.0028,0.0022,0.0022,0.0029,0.0029,0.0028,0.0017,0.0023,0.0022,0.0022,0.0022,0.002,0.0017,0.0027,0.0027,0.0028,0.0028,0.002,0.0025,0.002,0.0019,0.0019,0.0029
MOD17A2H.A2017281.h12v02.006.2017290134509.Gpp_500m,MOD17A2H,A2017281,Lat66.02328333Lon-137.2492667Samp13Line13,2017290134509,Gpp_500m,F,F,F,F,F,F,F,F,F,F,F,F,F,F,F,F,F,F,F,F,F,F,F,F,F,F,F,F,F,F,F,F,F,F,F,F,F,F,F,F,F,F,F,F,F,F,F,F,F,F,F,F,F,F,F,F,F,F,F,F,F,F,F,F,F,F,F,F,F,F,F,F,F,F,F,F,F,F,F,F,F,F,F,F,F,F,F,F,F,F,F,F,F,F,F,F,F,F,F,F,F,F,F,F,F,F,F,F,F,F,F,F,F,F,F,F,F,F,F,F,F,F,F,F,F,F,F,F,F,F,F,F,F,F,F,F,F,F,F,F,F,F,F,F,F,F,F,F,F,F,F,F,F,F,F,F,F,F,F,F,F,F,F,F,F,F,F,F,F
MOD17A2H.A2017289.h12v02.006.2017298041824.Gpp_500m,MOD17A2H,A2017289,Lat66.02328333Lon-137.2492667Samp13Line13,2017298041824,Gpp_500m,F,F,F,F,F,F,F,F,F,F,F,F,F,F,F,F,F,F,F,F,F,F,F,F,F,F,F,F,F,F,F,F,F,F,F,F,F,F,F,F,F,F,F,F,F,F,F,F,F,F,F,F,F,F,F,F,F,F,F,F,F,F,F,F,F,F,F,F,F,F,F,F,F,F,F,F,F,F,F,F,F,F,F,F,F,F,F,F,F,F,F,F,F,F,F,F,F,F,F,F,F,F,F,F,F,F,F,F,F,F,F,F,F,F,F,F,F,F,F,F,F,F,F,F,F,F,F,F,F,F,F,F,F,F,F,F,F,F,F,F,F,F,F,F,F,F,F,F,F,F,F,F,F,F,F,F,F,F,F,F,F,F,F,F,F,F,F,F,F
MOD17A2H.A2017297.h12v02.006.2017310201938.Gpp_500m,MOD17A2H,A2017297,Lat66.02328333Lon-137.2492667Samp13Line13,2017310201938,Gpp_500m,F,F,F,F,F,F,F,F,F,F,F,F,F,F,F,F,F,F,F,F,F,F,F,F,F,F,F,F,F,F,F,F,F,F,F,F,F,F,F,F,F,F,F,F,F,F,F,F,F,F,F,F,F,F,F,F,F,F,F,F,F,F,F,F,F,F,F,F,F,F,F,F,F,F,F,F,F,F,F,F,F,F,F,F,F,F,F,F,F,F,F,F,F,F,F,F,F,F,F,F,F,F,F,F,F,F,F,F,F,F,F,F,F,F,F,F,F,F,F,F,F,F,F,F,F,F,F,F,F,F,F,F,F,F,F,F,F,F,F,F,F,F,F,F,F,F,F,F,F,F,F,F,F,F,F,F,F,F,F,F,F,F,F,F,F,F,F,F,F
MOD17A2H.A2017305.h12v02.006.2017314050351.Gpp_500m,MOD17A2H,A2017305,Lat66.02328333Lon-137.2492667Samp13Line13,2017314050351,Gpp_500m,F,F,F,F,F,F,F,F,F,F,F,F,F,F,F,F,F,F,F,F,F,F,F,F,F,F,F,F,F,F,F,F,F,F,F,F,F,F,F,F,F,F,F,F,F,F,F,F,F,F,F,F,F,F,F,F,F,F,F,F,F,F,F,F,F,F,F,F,F,F,F,F,F,F,F,F,F,F,F,F,F,F,F,F,F,F,F,F,F,F,F,F,F,F,F,F,F,F,F,F,F,F,F,F,F,F,F,F,F,F,F,F,F,F,F,F,F,F,F,F,F,F,F,F,F,F,F,F,F,F,F,F,F,F,F,F,F,F,F,F,F,F,F,F,F,F,F,F,F,F,F,F,F,F,F,F,F,F,F,F,F,F,F,F,F,F,F,F,F
MOD17A2H.A2017313.h12v02.006.2017325172434.Gpp_500m,MOD17A2H,A2017313,Lat66.02328333Lon-137.2492667Samp13Line13,2017325172434,Gpp_500m,F,F,F,F,F,F,F,F,F,F,F,F,F,F,F,F,F,F,F,F,F,F,F,F,F,F,F,F,F,F,F,F,F,F,F,F,F,F,F,F,F,F,F,F,F,F,F,F,F,F,F,F,F,F,F,F,F,F,F,F,F,F,F,F,F,F,F,F,F,F,F,F,F,F,F,F,F,F,F,F,F,F,F,F,F,F,F,F,F,F,F,F,F,F,F,F,F,F,F,F,F,F,F,F,F,F,F,F,F,F,F,F,F,F,F,F,F,F,F,F,F,F,F,F,F,F,F,F,F,F,F,F,F,F,F,F,F,F,F,F,F,F,F,F,F,F,F,F,F,F,F,F,F,F,F,F,F,F,F,F,F,F,F,F,F,F,F,F,F
MOD17A2H.A2017321.h12v02.006.2017331221220.Gpp_500m,MOD17A2H,A2017321,Lat66.02328333Lon-137.2492667Samp13Line13,2017331221220,Gpp_500m,F,F,F,F,F,F,F,F,F,F,F,F,F,F,F,F,F,F,F,F,F,F,F,F,F,F,F,F,F,F,F,F,F,F,F,F,F,F,F,F,F,F,F,F,F,F,F,F,F,F,F,F,F,F,F,F,F,F,F,F,F,F,F,F,F,F,F,F,F,F,F,F,F,F,F,F,F,F,F,F,F,F,F,F,F,F,F,F,F,F,F,F,F,F,F,F,F,F,F,F,F,F,F,F,F,F,F,F,F,F,F,F,F,F,F,F,F,F,F,F,F,F,F,F,F,F,F,F,F,F,F,F,F,F,F,F,F,F,F,F,F,F,F,F,F,F,F,F,F,F,F,F,F,F,F,F,F,F,F,F,F,F,F,F,F,F,F,F,F
MOD17A2H.A2017329.h12v02.006.2017338040753.Gpp_500m,MOD17A2H,A2017329,Lat66.02328333Lon-137.2492667Samp13Line13,2017338040753,Gpp_500m,F,F,F,F,F,F,F,F,F,F,F,F,F,F,F,F,F,F,F,F,F,F,F,F,F,F,F,F,F,F,F,F,F,F,F,F,F,F,F,F,F,F,F,F,F,F,F,F,F,F,F,F,F,F,F,F,F,F,F,F,F,F,F,F,F,F,F,F,F,F,F,F,F,F,F,F,F,F,F,F,F,F,F,F,F,F,F,F,F,F,F,F,F,F,F,F,F,F,F,F,F,F,F,F,F,F,F,F,F,F,F,F,F,F,F,F,F,F,F,F,F,F,F,F,F,F,F,F,F,F,F,F,F,F,F,F,F,F,F,F,F,F,F,F,F,F,F,F,F,F,F,F,F,F,F,F,F,F,F,F,F,F,F,F,F,F,F,F,F
MOD17A2H.A2017337.h12v02.006.2017346042139.Gpp_500m,MOD17A2H,A2017337,Lat66.02328333Lon-137.2492667Samp13Line13,2017346042139,Gpp_500m,F,F,F,F,F,F,F,F,F,F,F,F,F,F,F,F,F,F,F,F,F,F,F,F,F,F,F,F,F,F,F,F,F,F,F,F,F,F,F,F,F,F,F,F,F,F,F,F,F,F,F,F,F,F,F,F,F,F,F,F,F,F,F,F,F,F,F,F,F,F,F,F,F,F,F,F,F,F,F,F,F,F,F,F,F,F,F,F,F,F,F,F,F,F,F,F,F,F,F,F,F,F,F,F,F,F,F,F,F,F,F,F,F,F,F,F,F,F,F,F,F,F,F,F,F,F,F,F,F,F,F,F,F,F,F,F,F,F,F,F,F,F,F,F,F,F,F,F,F,F,F,F,F,F,F,F,F,F,F,F,F,F,F,F,F,F,F,F,F
MOD17A2H.A2017345.h12v02.006.2017354035811.Gpp_500m,MOD17A2H,A2017345,Lat66.02328333Lon-137.2492667Samp13Line13,2017354035811,Gpp_500m,F,F,F,F,F,F,F,F,F,F,F,F,F,F,F,F,F,F,F,F,F,F,F,F,F,F,F,F,F,F,F,F,F,F,F,F,F,F,F,F,F,F,F,F,F,F,F,F,F,F,F,F,F,F,F,F,F,F,F,F,F,F,F,F,F,F,F,F,F,F,F,F,F,F,F,F,F,F,F,F,F,F,F,F,F,F,F,F,F,F,F,F,F,F,F,F,F,F,F,F,F,F,F,F,F,F,F,F,F,F,F,F,F,F,F,F,F,F,F,F,F,F,F,F,F,F,F,F,F,F,F,F,F,F,F,F,F,F,F,F,F,F,F,F,F,F,F,F,F,F,F,F,F,F,F,F,F,F,F,F,F,F,F,F,F,F,F,F,F
MOD17A2H.A2017353.h12v02.006.2017362042040.Gpp_500m,MOD17A2H,A2017353,Lat66.02328333Lon-137.2492667Samp13Line13,2017362042040,Gpp_500m,F,F,F,F,F,F,F,F,F,F,F,F,F,F,F,F,F,F,F,F,F,F,F,F,F,F,F,F,F,F,F,F,F,F,F,F,F,F,F,F,F,F,F,F,F,F,F,F,F,F,F,F,F,F,F,F,F,F,F,F,F,F,F,F,F,F,F,F,F,F,F,F,F,F,F,F,F,F,F,F,F,F,F,F,F,F,F,F,F,F,F,F,F,F,F,F,F,F,F,F,F,F,F,F,F,F,F,F,F,F,F,F,F,F,F,F,F,F,F,F,F,F,F,F,F,F,F,F,F,F,F,F,F,F,F,F,F,F,F,F,F,F,F,F,F,F,F,F,F,F,F,F,F,F,F,F,F,F,F,F,F,F,F,F,F,F,F,F,F
MOD17A2H.A2017361.h12v02.006.2018005041515.Gpp_500m,MOD17A2H,A2017361,Lat66.02328333Lon-137.2492667Samp13Line13,2018005041515,Gpp_500m,F,F,F,F,F,F,F,F,F,F,F,F,F,F,F,F,F,F,F,F,F,F,F,F,F,F,F,F,F,F,F,F,F,F,F,F,F,F,F,F,F,F,F,F,F,F,F,F,F,F,F,F,F,F,F,F,F,F,F,F,F,F,F,F,F,F,F,F,F,F,F,F,F,F,F,F,F,F,F,F,F,F,F,F,F,F,F,F,F,F,F,F,F,F,F,F,F,F,F,F,F,F,F,F,F,F,F,F,F,F,F,F,F,F,F,F,F,F,F,F,F,F,F,F,F,F,F,F,F,F,F,F,F,F,F,F,F,F,F,F,F,F,F,F,F,F,F,F,F,F,F,F,F,F,F,F,F,F,F,F,F,F,F,F,F,F,F,F,F
MOD17A2H.A2018001.h12v02.006.2018011153452.Gpp_500m,MOD17A2H,A2018001,Lat66.02328333Lon-137.2492667Samp13Line13,2018011153452,Gpp_500m,F,F,F,F,F,F,F,F,F,F,F,F,F,F,F,F,F,F,F,F,F,F,F,F,F,F,F,F,F,F,F,F,F,F,F,F,F,F,F,F,F,F,F,F,F,F,F,F,F,F,F,F,F,F,F,F,F,F,F,F,F,F,F,F,F,F,F,F,F,F,F,F,F,F,F,F,F,F,F,F,F,F,F,F,F,F,F,F,F,F,F,F,F,F,F,F,F,F,F,F,F,F,F,F,F,F,F,F,F,F,F,F,F,F,F,F,F,F,F,F,F,F,F,F,F,F,F,F,F,F,F,F,F,F,F,F,F,F,F,F,F,F,F,F,F,F,F,F,F,F,F,F,F,F,F,F,F,F,F,F,F,F,F,F,F,F,F,F,F
MOD17A2H.A2018009.h12v02.006.2018018042649.Gpp_500m,MOD17A2H,A2018009,Lat66.02328333Lon-137.2492667Samp13Line13,2018018042649,Gpp_500m,F,F,F,F,F,F,F,F,F,F,F,F,F,F,F,F,F,F,F,F,F,F,F,F,F,F,F,F,F,F,F,F,F,F,F,F,F,F,F,F,F,F,F,F,F,F,F,F,F,F,F,F,F,F,F,F,F,F,F,F,F,F,F,F,F,F,F,F,F,F,F,F,F,F,F,F,F,F,F,F,F,F,F,F,F,F,F,F,F,F,F,F,F,F,F,F,F,F,F,F,F,F,F,F,F,F,F,F,F,F,F,F,F,F,F,F,F,F,F,F,F,F,F,F,F,F,F,F,F,F,F,F,F,F,F,F,F,F,F,F,F,F,F,F,F,F,F,F,F,F,F,F,F,F,F,F,F,F,F,F,F,F,F,F,F,F,F,F,F
MOD17A2H.A2018017.h12v02.006.2018026035253.Gpp_500m,MOD17A2H,A2018017,Lat66.02328333Lon-137.2492667Samp13Line13,2018026035253,Gpp_500m,F,F,F,F,F,F,F,F,F,F,F,F,F,F,F,F,F,F,F,F,F,F,F,F,F,F,F,F,F,F,F,F,F,F,F,F,F,F,F,F,F,F,F,F,F,F,F,F,F,F,F,F,F,F,F,F,F,F,F,F,F,F,F,F,F,F,F,F,F,F,F,F,F,F,F,F,F,F,F,F,F,F,F,F,F,F,F,F,F,F,F,F,F,F,F,F,F,F,F,F,F,F,F,F,F,F,F,F,F,F,F,F,F,F,F,F,F,F,F,F,F,F,F,F,F,F,F,F,F,F,F,F,F,F,F,F,F,F,F,F,F,F,F,F,F,F,F,F,F,F,F,F,F,F,F,F,F,F,F,F,F,F,F,F,F,F,F,F,F
MOD17A2H.A2018025.h12v02.006.2018034041602.Gpp_500m,MOD17A2H,A2018025,Lat66.02328333Lon-137.2492667Samp13Line13,2018034041602,Gpp_500m,F,F,F,F,F,F,F,F,F,F,F,F,F,F,F,F,F,F,F,F,F,F,F,F,F,F,F,F,F,F,F,F,F,F,F,F,F,F,F,F,F,F,F,F,F,F,F,F,F,F,F,F,F,F,F,F,F,F,F,F,F,F,F,F,F,F,F,F,F,F,F,F,F,F,F,F,F,F,F,F,F,F,F,F,F,F,F,F,F,F,F,F,F,F,F,F,F,F,F,F,F,F,F,F,F,F,F,F,F,F,F,F,F,F,F,F,F,F,F,F,F,F,F,F,F,F,F,F,F,F,F,F,F,F,F,F,F,F,F,F,F,F,F,F,F,F,F,F,F,F,F,F,F,F,F,F,F,F,F,F,F,F,F,F,F,F,F,F,F
MOD17A2H.A2018033.h12v02.006.2018042042138.Gpp_500m,MOD17A2H,A2018033,Lat66.02328333Lon-137.2492667Samp13Line13,2018042042138,Gpp_500m,F,F,F,F,F,F,F,F,F,F,F,F,F,F,F,F,F,F,F,F,F,F,F,F,F,F,F,F,F,F,F,F,F,F,F,F,F,F,F,F,F,F,F,F,F,F,F,F,F,F,F,F,F,F,F,F,F,F,F,F,F,F,F,F,F,F,F,F,F,F,F,F,F,F,F,F,F,F,F,F,F,F,F,F,F,F,F,F,F,F,F,F,F,F,F,F,F,F,F,F,F,F,F,F,F,F,F,F,F,F,F,F,F,F,F,F,F,F,F,F,F,F,F,F,F,F,F,F,F,F,F,F,F,F,F,F,F,F,F,F,F,F,F,F,F,F,F,F,F,F,F,F,F,F,F,F,F,F,F,F,F,F,F,F,F,F,F,F,F
MOD17A2H.A2018041.h12v02.006.2018050041348.Gpp_500m,MOD17A2H,A2018041,Lat66.02328333Lon-137.2492667Samp13Line13,2018050041348,Gpp_500m,F,F,F,F,F,F,F,F,F,F,F,F,F,F,F,F,F,F,F,F,F,F,F,F,F,F,F,F,F,F,F,F,F,F,F,F,F,F,F,F,F,F,F,F,F,F,F,F,F,F,F,F,F,F,F,F,F,F,F,F,F,F,F,F,F,F,F,F,F,F,F,F,F,F,F,F,F,F,F,F,F,F,F,F,F,F,F,F,F,F,F,F,F,F,F,F,F,F,F,F,F,F,F,F,F,F,F,F,F,F,F,F,F,F,F,F,F,F,F,F,F,F,F,F,F,F,F,F,F,F,F,F,F,F,F,F,F,F,F,F,F,F,F,F,F,F,F,F,F,F,F,F,F,F,F,F,F,F,F,F,F,F,F,F,F,F,F,F,F
MOD17A2H.A2018049.h12v02.006.2018060024045.Gpp_500m,MOD17A2H,A2018049,Lat66.02328333Lon-137.2492667Samp13Line13,2018060024045,Gpp_500m,F,F,F,F,F,F,F,F,F,F,F,F,F,F,F,F,F,F,F,F,F,F,F,F,F,F,F,F,F,F,F,F,F,F,F,F,F,F,F,F,F,F,F,F,F,F,F,F,F,F,F,F,F,F,F,F,F,F,F,F,F,F,F,F,F,F,F,F,F,F,F,F,F,F,F,F,F,F,F,F,F,F,F,F,F,F,F,F,F,F,F,F,F,F,F,F,F,F,F,F,F,F,F,F,F,F,F,F,F,F,F,F,F,F,F,F,F,F,F,F,F,F,F,F,F,F,F,F,F,F,F,F,F,F,F,F,F,F,F,F,F,F,F,F,F,F,F,F,F,F,F,F,F,F,F,F,F,F,F,F,F,F,F,F,F,F,F,F,F
MOD17A2H.A2018057.h12v02.006.2018067145339.Gpp_500m,MOD17A2H,A2018057,Lat66.02328333Lon-137.2492667Samp13Line13,2018067145339,Gpp_500m,F,F,F,F,F,F,F,F,F,F,F,F,F,F,F,F,F,F,F,F,F,F,F,F,F,F,F,F,F,F,F,F,F,F,F,F,F,F,F,F,F,F,F,F,F,F,F,F,F,F,F,F,F,F,F,F,F,F,F,F,F,F,F,F,F,F,F,F,F,F,F,F,F,F,F,F,F,F,F,F,F,F,F,F,F,F,F,F,F,F,F,F,F,F,F,F,F,F,F,F,F,F,F,F,F,F,F,F,F,F,F,F,F,F,F,F,F,F,F,F,F,F,F,F,F,F,F,F,F,F,F,F,F,F,F,F,F,F,F,F,F,F,F,F,F,F,F,F,F,F,F,F,F,F,F,F,F,F,F,F,F,F,F,F,F,F,F,F,F
MOD17A2H.A2018065.h12v02.006.2018074043141.Gpp_500m,MOD17A2H,A2018065,Lat66.02328333Lon-137.2492667Samp13Line13,2018074043141,Gpp_500m,F,F,F,F,F,F,F,F,F,F,F,F,F,F,F,F,F,F,F,F,F,F,F,F,F,F,F,F,F,F,F,F,F,F,F,F,F,F,F,F,F,F,F,F,F,F,F,F,F,F,F,F,F,F,F,F,F,F,F,F,F,F,F,F,F,F,F,F,F,F,F,F,F,F,F,F,F,F,F,F,F,F,F,F,F,F,F,F,F,F,F,F,F,F,F,F,F,F,F,F,F,F,F,F,F,F,F,F,F,F,F,F,F,F,F,F,F,F,F,F,F,F,F,F,F,F,F,F,F,F,F,F,F,F,F,F,F,F,F,F,F,F,F,F,F,F,F,F,F,F,F,F,F,F,F,F,F,F,F,F,F,F,F,F,F,F,F,F,F
MOD17A2H.A2018073.h12v02.006.2018082202246.Gpp_500m,MOD17A2H,A2018073,Lat66.02328333Lon-137.2492667Samp13Line13,2018082202246,Gpp_500m,F,F,F,F,F,F,F,F,F,F,F,F,F,F,F,F,F,F,F,F,F,F,F,F,F,F,F,F,F,F,F,F,F,F,F,F,F,F,F,F,F,F,F,F,F,F,F,F,F,F,F,F,F,F,F,F,F,F,F,F,F,F,F,F,F,F,F,F,F,F,F,F,F,F,F,F,F,F,F,F,F,F,F,F,F,F,F,F,F,F,F,F,F,F,F,F,F,F,F,F,F,F,F,F,F,F,F,F,F,F,F,F,F,F,F,F,F,F,F,F,F,F,F,F,F,F,F,F,F,F,F,F,F,F,F,F,F,F,F,F,F,F,F,F,F,F,F,F,F,F,F,F,F,F,F,F,F,F,F,F,F,F,F,F,F,F,F,F,F
MOD17A2H.A2018081.h12v02.006.2018090035024.Gpp_500m,MOD17A2H,A2018081,Lat66.02328333Lon-137.2492667Samp13Line13,2018090035024,Gpp_500m,F,F,F,F,F,F,F,F,F,F,F,F,F,F,F,F,F,F,0,F,F,F,F,F,F,F,F,F,F,F,F,F,F,F,F,F,F,F,F,F,F,F,F,F,F,F,F,F,F,F,F,F,F,F,F,F,F,F,F,F,F,F,F,F,F,F,F,F,F,F,F,F,F,F,F,F,F,F,F,F,F,F,F,F,F,F,F,F,F,F,F,F,F,F,F,F,F,F,F,F,F,F,F,F,F,F,F,F,F,F,F,F,F,F,F,F,F,F,F,F,F,F,F,F,F,F,F,F,F,F,F,F,F,F,F,F,F,F,F,F,F,F,F,F,F,F,F,F,F,F,F,F,F,F,F,F,F,F,F,F,F,F,F,F,F,F,F,F,F
MOD17A2H.A2018089.h12v02.006.2018098043102.Gpp_500m,MOD17A2H,A2018089,Lat66.02328333Lon-137.2492667Samp13Line13,2018098043102,Gpp_500m,F,F,F,F,F,F,F,F,F,F,F,F,F,F,F,F,F,F,F,F,F,F,F,F,F,F,F,F,F,F,F,F,F,F,F,F,F,F,F,F,F,F,F,F,F,F,F,F,F,F,F,F,F,F,F,F,F,F,F,F,F,F,F,F,F,F,F,F,F,F,F,F,F,F,F,F,F,F,F,F,F,F,F,F,F,F,F,F,F,F,F,F,F,F,F,F,F,F,F,F,F,F,F,F,F,F,F,F,F,F,F,F,F,F,F,F,F,F,F,F,F,F,F,F,F,F,F,F,F,F,F,F,F,F,F,F,F,F,F,F,F,F,F,F,F,F,F,F,F,F,F,F,F,F,F,F,F,F,F,F,F,F,F,F,F,F,F,F,F
MOD17A2H.A2018097.h12v02.006.2018106042756.Gpp_500m,MOD17A2H,A2018097,Lat66.02328333Lon-137.2492667Samp13Line13,2018106042756,Gpp_500m,F,F,F,F,F,F,F,F,F,F,F,F,F,F,F,F,F,F,F,F,F,F,F,F,F,F,F,F,F,F,F,F,F,F,F,F,F,F,F,F,F,F,F,F,F,F,F,F,F,F,F,F,F,F,F,F,F,F,F,F,F,F,F,F,F,F,F,F,F,F,F,F,F,F,F,F,F,F,F,F,F,F,F,F,F,F,F,F,F,F,F,F,F,F,F,F,F,F,F,F,F,F,F,F,F,F,F,F,F,F,F,F,F,F,F,F,F,F,F,F,F,F,F,F,F,F,F,F,F,F,F,F,F,F,F,F,F,F,F,F,F,F,F,F,F,F,F,F,F,F,F,F,F,F,F,F,F,F,F,F,F,F,F,F,F,F,F,F,F
MOD17A2H.A2018105.h12v02.006.2018114043658.Gpp_500m,MOD17A2H,A2018105,Lat66.02328333Lon-137.2492667Samp13Line13,2018114043658,Gpp_500m,F,F,F,F,F,F,F,F,F,F,F,F,F,F,F,F,F,F,F,F,F,F,F,F,F,F,F,F,F,F,F,F,F,F,F,F,F,F,F,F,F,F,F,F,F,F,F,F,F,F,F,F,F,F,F,F,F,F,F,F,F,F,F,F,F,F,F,F,F,F,F,F,F,F,F,F,F,F,F,F,F,F,F,F,F,F,F,F,F,F,F,F,F,F,F,F,F,F,F,F,F,F,F,F,F,F,F,F,F,F,F,F,F,F,F,F,F,F,F,F,F,F,F,F,F,F,F,F,F,F,F,F,F,F,F,F,F,F,F,F,F,F,F,F,F,F,F,F,F,F,F,F,F,F,F,F,F,F,F,F,F,F,F,F,F,F,F,F,F
MOD17A2H.A2018113.h12v02.006.2018122044800.Gpp_500m,MOD17A2H,A2018113,Lat66.02328333Lon-137.2492667Samp13Line13,2018122044800,Gpp_500m,F,F,F,F,F,F,F,F,F,F,F,F,F,F,F,F,F,F,F,F,F,F,F,F,F,F,F,F,F,F,F,F,F,F,F,F,F,F,F,F,F,F,F,F,F,F,F,F,F,F,F,F,F,F,F,F,F,F,F,F,F,F,F,F,F,F,F,F,F,F,F,F,F,F,F,F,F,F,F,F,F,F,F,F,F,F,F,F,F,F,F,F,F,F,F,F,F,F,F,F,F,F,F,F,F,F,F,F,F,F,F,F,F,F,F,F,F,F,F,F,F,F,F,F,F,F,F,F,F,F,F,F,F,F,F,F,F,F,F,F,F,F,F,F,F,F,F,F,F,F,F,F,F,F,F,F,F,F,F,F,F,F,F,F,F,F,F,F,F
MOD17A2H.A2018121.h12v02.006.2018130044348.Gpp_500m,MOD17A2H,A2018121,Lat66.02328333Lon-137.2492667Samp13Line13,2018130044348,Gpp_500m,0.0022,0.0022,0.0022,0.0022,0.0038,0.0011,0.001,0.0011,0.0011,0.001,0.0011,F,F,0.0028,0.0028,0.0011,0.001,F,F,F,F,F,F,0.0017,0.0022,0.0023,0.0011,F,F,F,F,0.0011,F,0.001,0.0011,F,0.0021,0.001,F,0.0022,0.0017,F,F,F,0.0011,F,F,0.0021,0.0017,F,F,F,0.0011,F,F,F,F,F,0.0017,0.0017,0.001,F,F,F,F,0.0017,F,F,F,F,0.0022,0.001,0.0012,0.0012,F,F,F,0.0012,0.0012,F,F,0.0022,F,F,F,0.0012,F,F,F,0.0021,F,0.0012,F,F,F,0.0012,0.0012,0.0018,0.0018,0.0021,0.0021,0.0012,F,F,F,0.0012,F,0.0012,0.0012,0.0018,0.0021,F,F,F,F,0.0012,0.0012,F,F,0.001,0.0018,0.001,F,0.001,0.0012,0.0023,0.0022,F,0.0022,0.0022,0.001,0.001,0.0018,0.0022,F,0.0034,0.004,0.001,F,F,0.0018,F,0.0017,0.0012,0.0012,F,0.001,F,0.001,F,0.0012,F,F,F,F,F,F,F,0.0012,0.001,0.0012,0.0012,F,F,F,F,F,0.0012,0.0022
MOD17A2H.A2018129.h12v02.006.2018151154322.Gpp_500m,MOD17A2H,A2018129,Lat66.02328333Lon-137.2492667Samp13Line13,2018151154322,Gpp_500m,0.01,0.0109,0.01,0.01,0.01,0.0088,0.0072,0.0105,0.0094,0.008,0.008,0.008,0.0109,0.01,0.0088,0.0077,0.0106,0.0094,0.0072,0.0057,0.0045,0.0105,0.008,0.0109,0.0105,0.0105,0.0084,0.0077,0.0057,0.0094,0.0105,0.0105,0.0105,0.0118,0.0118,0.0105,0.0094,0.0088,0.0045,0.0094,0.011,0.0105,0.0105,0.0105,0.0109,0.0084,0.0084,0.0094,0.0078,0.0078,0.0049,0.0049,0.0105,0.0105,0.0105,0.0105,0.0105,0.0084,0.01,0.0125,0.0094,0.008,0.0049,0.0037,0.0021,0.0116,0.0116,0.0105,0.0105,0.0105,0.0125,0.0088,0.0088,0.008,0.0049,0.0049,0.0037,0.006,0.0094,0.0094,0.0053,0.0105,0.0076,0.0049,0.0088,0.0088,0.0046,0.0046,0.0111,0.0111,0.0094,0.0049,0.0033,0.0053,0.0053,0.0046,0.0053,0.008,0.0046,0.0116,0.0119,0.0103,0.0046,0.0049,0.0045,0.0045,0.0045,0.0045,0.009,0.0111,0.0111,0.0116,0.0119,0.0103,0.0049,0.0094,0.0126,0.004,0.004,0.0046,0.0094,0.0111,0.0116,0.0111,0.0116,0.0116,0.0116,0.0125,0.0132,0.0138,0.0094,0.0094,0.0163,0.0119,0.0119,0.0119,0.01,0.0116,0.0158,0.0121,0.0138,0.0088,0.01,0.0094,0.0094,0.0111,0.0119,0.01,0.0095,0.009,0.009,0.0088,0.0103,0.0088,0.0084,0.0088,0.0111,0.0111,0.0094,0.0094,0.0094,0.009,0.0088,0.0094,0.0094,0.0088,0.0088,0.0116,0.0116
MOD17A2H.A2018137.h12v02.006.2018151161919.Gpp_500m,MOD17A2H,A2018137,Lat66.02328333Lon-137.2492667Samp13Line13,2018151161919,Gpp_500m,0.0079,0.0079,0.0097,0.0079,0.0106,0.0106,0.0109,0.0109,0.0109,0.0109,0.0099,0.0099,0.0099,0.0111,0.0106,0.0106,0.0129,0.0137,0.0137,0.0109,0.0109,0.0118,0.0118,0.0118,0.0112,0.0112,0.0103,0.0103,0.0116,0.0125,0.0125,0.0125,0.013,0.0118,0.0118,0.0116,0.0107,0.0047,0.0116,0.0121,0.0121,0.0125,0.0125,0.013,0.013,0.0116,0.0116,0.0121,0.0121,0.0039,0.0116,0.0034,0.013,0.013,0.0109,0.0126,0.0126,0.0126,0.0121,0.0121,0.0126,0.0044,0.0109,0.0109,0.0098,0.0118,0.0084,0.0126,0.0082,0.0084,0.0079,0.0082,0.0052,0.0047,0.0122,0.0098,0.0064,0.0052,0.0082,0.0082,0.0077,0.0065,0.0065,0.0065,0.0039,0.0121,0.0117,0.0117,0.0044,0.0052,0.0064,0.0109,0.0084,0.0065,0.0077,0.0136,0.0136,0.0094,0.0095,0.0077,0.0103,0.0086,0.0079,0.0061,0.0116,0.0116,0.0111,0.0111,0.0111,0.0095,0.0085,0.0111,0.0111,0.0077,0.0066,0.0044,0.0065,0.0111,0.0111,0.0111,0.011,0.011,0.0129,0.0129,0.0117,0.0036,0.0044,0.0047,0.0047,0.0086,0.009,0.0099,0.0099,0.0095,0.0129,0.0048,0.0047,0.0039,0.0047,0.0067,0.0047,0.0062,0.0082,0.0099,0.0095,0.0057,0.0047,0.0047,0.0044,0.0047,0.0067,0.0082,0.008,0.0077,0.0065,0.008,0.0055,0.0047,0.0052,0.0065,0.0067,0.0067,0.008,0.008,0.008,0.0091,0.0048,0.0047,0.0101
MOD17A2H.A2018145.h12v02.006.2021103034041.Gpp_500m,MOD17A2H,A2018145,Lat66.02328333Lon-137.2492667Samp13Line13,2021103034041,Gpp_500m,0.0117,0.0162,0.0175,0.0176,0.0101,0.0111,0.0111,0.0116,0.0102,0.0117,0.0091,0.0126,0.0126,0.0132,0.0142,0.0127,0.0136,0.0128,0.0136,0.0102,0.0102,0.0127,0.0144,0.0126,0.0122,0.0105,0.0116,0.0111,0.0116,0.0102,0.0111,0.0116,0.0112,0.0144,0.0118,0.0116,0.0116,0.0095,0.0112,0.0125,0.0125,0.0105,0.0116,0.0118,0.0118,0.0112,0.0116,0.0112,0.0116,0.0112,0.0116,0.0116,0.0116,0.0116,0.0122,0.0118,0.0112,0.0118,0.0126,0.0116,0.0089,0.0079,0.0082,0.0112,0.0112,0.0122,0.0118,0.0126,0.0118,0.0112,0.0126,0.0119,0.0089,0.0082,0.0112,0.0112,0.0119,0.0129,0.0122,0.0112,0.0112,0.0108,0.0112,0.0089,0.0089,0.0119,0.0112,0.0152,0.0155,0.0152,0.0152,0.0108,0.0103,0.0112,0.0122,0.0122,0.0142,0.0155,0.0158,0.0165,0.0157,0.0122,0.0112,0.0103,0.0132,0.0112,0.0112,0.0119,0.0129,0.0165,0.0156,0.0152,0.0132,0.0132,0.0132,0.0144,0.0144,0.0122,0.0122,0.0144,0.0139,0.0139,0.0157,0.0159,0.0159,0.0132,0.0144,0.0166,0.0171,0.0136,0.0116,0.0116,0.0126,0.0126,0.0159,0.0159,0.0157,0.0157,0.0149,0.013,0.0136,0.013,0.013,0.0126,0.0126,0.0126,0.0105,0.014,0.0122,0.0149,0.0103,0.0122,0.0117,0.0113,0.0105,0.0122,0.0122,0.0127,0.014,0.0119,0.0119,0.0103,0.0104,0.0117,0.0113,0.0144,0.0113,0.0144,0.0145
MOD17A2H.A2018153.h12v02.006.2019120200409.Gpp_500m,MOD17A2H,A2018153,Lat66.02328333Lon-137.2492667Samp13Line13,2019120200409,Gpp_500m,0.0284,0.0284,0.0284,0.0295,0.0275,0.026,0.0328,0.0321,0.0321,0.0274,0.0329,0.0265,0.0256,0.0265,0.026,0.026,0.0336,0.0336,0.0347,0.028,0.0274,0.0256,0.0269,0.026,0.0217,0.0207,0.026,0.0265,0.028,0.028,0.028,0.0329,0.0318,0.0265,0.026,0.0226,0.0207,0.0178,0.0183,0.0285,0.028,0.0332,0.029,0.029,0.0279,0.0213,0.0183,0.0174,0.0188,0.0183,0.0183,0.0221,0.0236,0.028,0.0285,0.0279,0.0226,0.0192,0.0159,0.0192,0.0178,0.0197,0.0248,0.0257,0.0257,0.0285,0.0236,0.0193,0.0192,0.0159,0.0192,0.0197,0.0248,0.0248,0.0275,0.025,0.0217,0.0275,0.0168,0.0168,0.0159,0.0164,0.0164,0.0248,0.0285,0.026,0.026,0.0217,0.0226,0.0193,0.0212,0.0164,0.0164,0.0178,0.026,0.0285,0.0248,0.026,0.0232,0.0221,0.0232,0.0209,0.0251,0.0232,0.0269,0.0269,0.0248,0.0248,0.0236,0.025,0.0226,0.0217,0.0222,0.0232,0.0226,0.0232,0.0264,0.026,0.0257,0.0247,0.0246,0.0226,0.0221,0.0222,0.0275,0.0236,0.0232,0.0298,0.0303,0.028,0.0232,0.0217,0.0221,0.0221,0.0232,0.0255,0.0236,0.0236,0.0294,0.0294,0.028,0.0275,0.0252,0.0212,0.0212,0.024,0.0255,0.0211,0.0264,0.0255,0.0294,0.026,0.0235,0.0231,0.0231,0.0232,0.0222,0.0226,0.0209,0.0217,0.0255,0.0225,0.0231,0.0231,0.0231,0.0225,0.0222,0.0222,0.0225
MOD17A2H.A2018161.h12v02.006.2018170152440.Gpp_500m,MOD17A2H,A2018161,Lat66.02328333Lon-137.2492667Samp13Line13,2018170152440,Gpp_500m,0.0167,0.0254,0.0292,0.0115,0.013,0.0134,0.0134,0.0125,0.0167,0.0088,F,0.027,0.0272,0.0247,0.0115,0.0073,0.0128,0.0164,0.0123,0.0079,0.0279,0.0326,0.0259,0.0298,0.021,0.0168,0.0106,0.0261,0.0236,0.007,0.0145,0.0288,0.0326,0.0316,0.0257,0.0219,0.0074,0.0152,0.0152,0.0236,0.0322,0.0322,0.0265,0.0302,0.0311,0.0282,0.019,0.019,0.019,0.0152,0.0033,0.0145,0.0293,0.0265,0.0307,0.0279,0.0272,0.0273,0.019,0.019,0.0152,0.0037,0.0074,0.0145,0.0145,0.0293,0.0279,0.0282,0.0115,0.007,0.0037,0.0037,0.0152,0.0152,0.0152,0.0074,0.007,0.0168,0.013,0.007,0.007,0.0152,0.0152,0.0152,0.0152,0.0083,0.007,0.0158,0.0158,0.015,0.015,0.007,0.007,0.0152,0.0152,0.0056,0.0083,0.0145,0.0056,0.0158,0.0158,0.0173,0.0173,0.0138,F,0.0037,0.0056,0.0074,0.0145,0.0145,0.007,0.0173,0.0224,0.0205,0.013,0.007,0.0088,0.0145,0.0145,0.0145,0.0145,0.0074,0.0186,0.0186,0.0158,0.013,0.0093,0.0131,0.0145,0.0131,F,F,0.0074,0.0093,0.0261,0.0138,0.0121,0.0088,0.0131,0.0168,0.0131,0.0116,0.0076,0.0101,0.0186,0.0186,0.0246,0.0093,0.0209,0.0138,0.0125,0.0131,0.0125,0.007,0.0064,0.0062,0.0232,0.013,0.0201,0.0145,0.0125,0.0125,0.0266,0.0276,0.007,0.007,F,0.014,0.0183
MOD17A2H.A2018169.h12v02.006.2018178043953.Gpp_500m,MOD17A2H,A2018169,Lat66.02328333Lon-137.2492667Samp13Line13,2018178043953,Gpp_500m,0.0413,0.0419,0.0413,0.0407,0.0437,0.0437,0.0465,0.0469,0.0458,0.0441,0.0401,0.0361,0.0361,0.0385,0.0395,0.0395,0.0491,0.0531,0.0523,0.0407,0.0465,0.0401,0.0378,0.0407,0.0412,0.036,0.0401,0.0389,0.0408,0.0465,0.0412,0.0465,0.0441,0.0436,0.039,0.0378,0.036,0.0366,0.0343,0.0412,0.0465,0.047,0.0424,0.039,0.0394,0.039,0.0378,0.036,0.036,0.0348,0.0336,0.0332,0.0349,0.0366,0.0378,0.0394,0.0365,0.0372,0.0383,0.0418,0.0436,0.0348,0.0336,0.0359,0.0365,0.0378,0.0378,0.0365,0.0412,0.0372,0.0418,0.0436,0.0372,0.0342,0.0342,0.0354,0.0365,0.037,0.0372,0.036,0.0412,0.0372,0.0307,0.0314,0.032,0.0348,0.0354,0.036,0.0365,0.036,0.0343,0.036,0.0332,0.0295,0.0314,0.0342,0.0348,0.0354,0.0354,0.037,0.037,0.0348,0.0343,0.0365,0.032,0.0326,0.032,0.0342,0.0337,0.0371,0.037,0.037,0.0353,0.0353,0.0366,0.0352,0.0352,0.032,0.0337,0.0326,0.037,0.037,0.037,0.0353,0.0365,0.0366,0.0352,0.0378,0.0378,0.0377,0.0337,0.0326,0.037,0.0383,0.0382,0.0378,0.0366,0.0378,0.0378,0.0378,0.0352,0.0343,0.0376,0.0341,0.036,0.0382,0.0378,0.037,0.037,0.0337,0.0337,0.0352,0.0343,0.0343,0.0343,0.0349,0.0353,0.0353,0.0337,0.0326,0.032,0.032,0.0343,0.0343,0.0335,0.032,0.0349,0.0349,0.0364
MOD17A2H.A2018177.h12v02.006.2018186234726.Gpp_500m,MOD17A2H,A2018177,Lat66.02328333Lon-137.2492667Samp13Line13,2018186234726,Gpp_500m,F,F,F,F,0.0288,F,F,F,F,F,0.0078,0.0172,0.0308,F,F,F,F,F,F,F,F,F,0.0386,0.0386,0.0311,0.0386,F,0.0469,0.0494,0.0494,0.0494,F,F,0.0428,0.0401,0.0311,0.025,0.0301,0.0301,F,F,0.0281,0.0235,0.0319,0.0319,0.0401,0.0292,0.0293,0.026,0.0322,0.0339,0.0339,0.0281,0.0265,0.0265,0.0311,0.0311,0.0311,0.028,0.038,0.0348,0.0348,0.0317,0.0333,0.0353,0.0209,0.0209,0.036,0.0292,0.0265,0.0286,0.0286,0.0348,0.0317,0.0317,0.0316,0.0347,0.031,0.0271,0.0208,0.0322,0.0157,0.0415,0.0348,0.0311,0.0311,0.0301,0.0292,0.031,0.0275,0.026,0.0322,0.0326,0.0415,0.0415,0.0442,0.0271,0.027,0.0243,0.0213,0.0275,0.0171,0.0239,0.03,0.0359,0.0301,0.028,0.028,0.027,0.0255,0.0208,0.0187,0.0171,0.03,0.03,0.0305,0.0316,0.0296,0.0296,0.027,0.0363,0.0255,0.0213,0.0196,0.0316,0.0306,0.0291,0.0316,0.0331,0.0331,0.0311,0.0301,0.0264,0.0291,0.0342,0.0316,0.0353,0.0352,0.0352,0.0337,0.0331,0.0321,0.0238,0.0307,0.0275,0.028,0.0311,0.0337,0.0337,0.0357,0.0337,0.0311,0.029,0.029,0.029,0.0299,0.0307,0.0295,0.0296,F,0.0311,0.0305,0.0311,0.032,0.032,0.0238,0.0259,0.014,0.0187
MOD17A2H.A2018185.h12v02.006.2018197152653.Gpp_500m,MOD17A2H,A2018185,Lat66.02328333Lon-137.2492667Samp13Line13,2018197152653,Gpp_500m,0.0485,0.0497,0.0515,0.0492,0.0329,0.0341,0.0341,0.0492,0.0492,0.052,0.0508,0.0449,0.0449,0.0455,0.0486,0.0378,0.0476,0.045,0.0408,0.0401,0.0491,0.0479,0.0449,0.0479,0.046,0.0473,0.0402,0.0462,0.046,0.0383,0.0329,0.0329,0.0515,0.0508,0.0491,0.0474,0.0467,0.0443,0.0413,0.046,0.0527,0.0515,0.0456,0.0491,0.0502,0.046,0.0456,0.046,0.0455,0.0419,0.0419,0.0419,0.0442,0.0486,0.0491,0.046,0.046,0.0467,0.046,0.0495,0.0443,0.0436,0.0419,0.0454,0.0459,0.0486,0.0449,0.0467,0.0467,0.0491,0.049,0.0485,0.0425,0.0436,0.0443,0.0425,0.0448,0.0435,0.0467,0.046,0.0443,0.0443,0.0419,0.0425,0.0436,0.0436,0.0436,0.0429,0.0429,0.0408,0.04,0.0449,0.0401,0.0419,0.0401,0.043,0.0419,0.0419,0.0429,0.046,0.0424,0.0408,0.0418,0.0418,0.0395,0.0298,0.0389,0.0419,0.0454,0.0412,0.0447,0.043,0.043,0.0411,0.0423,0.04,0.04,0.0298,0.0393,0.0425,0.0401,0.0401,0.0412,0.0423,0.0435,0.0435,0.0418,0.0435,0.0411,0.0411,0.0401,0.0394,0.0401,0.0418,0.0418,0.0435,0.0435,0.0442,0.0442,0.0422,0.0411,0.0383,0.0383,0.0408,0.0418,0.0418,0.0423,0.0423,0.0405,0.0411,0.0386,0.0386,0.0383,0.0375,0.0364,0.0363,0.0418,0.0387,0.0387,0.0376,0.0376,0.0393,0.04,0.04,0.04,0.04,0.04,0.0393,0.0393
MOD17A2H.A2018193.h12v02.006.2018202052423.Gpp_500m,MOD17A2H,A2018193,Lat66.02328333Lon-137.2492667Samp13Line13,2018202052423,Gpp_500m,0.0413,0.0414,0.0433,0.0422,0.0403,0.0422,0.0377,0.0367,0.0346,0.0346,0.048,0.03,0.0419,0.0429,0.0408,0.0408,0.0542,0.0476,0.0469,0.0404,0.0404,0.048,0.0428,0.0465,0.0465,0.0357,0.0383,0.0439,0.0383,0.0346,0.0404,0.0404,0.048,0.048,0.045,0.0444,0.0357,0.0313,0.0394,0.0383,0.0383,0.0383,0.0475,0.0346,0.0444,0.0434,0.0444,0.0404,0.0404,0.0389,0.0407,0.0439,0.0383,0.0331,0.0314,0.0192,0.0444,0.0444,0.0423,0.0408,0.0434,0.0407,0.0378,0.0378,0.0212,0.0311,0.0358,0.0392,0.0439,0.0439,0.0439,0.0284,0.0244,0.0145,0.016,0.0274,0.0372,0.0393,0.0357,0.033,0.0275,0.0419,0.0367,0.0278,0.0268,0.0341,0.0372,0.0425,0.0393,0.0311,0.0311,0.0288,0.0275,0.0207,0.0186,0.0107,0.0285,0.0336,0.0407,0.0331,0.0288,0.0337,0.0151,0.0264,0.0284,0.0314,0.0099,0.0285,0.03,0.03,0.0311,0.034,0.034,0.0373,0.0151,0.0151,0.0113,0.0357,0.0357,0.0347,0.034,0.034,0.0347,0.0347,0.0433,0.0419,0.0337,0.0368,0.0465,0.0077,0.0347,0.0347,0.0419,0.0347,0.0347,0.0347,0.0433,0.0419,0.0341,0.0113,0.0083,0.0362,0.0404,0.0368,0.0378,0.0357,0.0358,0.0347,0.0347,0.0347,0.0347,0.0331,0.047,0.047,0.0419,0.0426,0.0357,0.0358,0.0337,0.0336,0.0336,0.0347,0.0358,0.0099,0.0426,0.043,0.0426,0.0419,0.042
MOD17A2H.A2018201.h12v02.006.2018210053252.Gpp_500m,MOD17A2H,A2018201,Lat66.02328333Lon-137.2492667Samp13Line13,2018210053252,Gpp_500m,0.051,0.0505,0.051,0.0499,0.0474,0.0499,0.0529,0.0545,0.0553,0.0533,0.0541,0.0463,0.0503,0.0462,0.0462,0.0487,0.061,0.0619,0.0627,0.0479,0.0545,0.0509,0.0468,0.0499,0.0515,0.0468,0.0468,0.0474,0.0474,0.0504,0.0541,0.0545,0.0541,0.0515,0.0499,0.0509,0.0473,0.0468,0.0479,0.0487,0.0504,0.0541,0.0509,0.0487,0.0499,0.0473,0.0479,0.0499,0.0473,0.0455,0.0448,0.0462,0.0426,0.0462,0.0487,0.0499,0.0491,0.0499,0.0509,0.0509,0.0504,0.0497,0.0473,0.0473,0.0515,0.0487,0.0499,0.0487,0.0499,0.0522,0.0487,0.0504,0.0497,0.0455,0.0497,0.0462,0.0462,0.0472,0.0499,0.0487,0.0455,0.0479,0.0443,0.0462,0.0492,0.0487,0.0487,0.0455,0.0455,0.0455,0.0455,0.0455,0.043,0.043,0.0448,0.0497,0.0487,0.0462,0.0462,0.0472,0.0472,0.0462,0.0462,0.0461,0.0448,0.0448,0.0443,0.0443,0.0443,0.0455,0.0455,0.0472,0.0466,0.0467,0.0467,0.0448,0.0448,0.043,0.043,0.043,0.043,0.0455,0.0455,0.0462,0.0472,0.0472,0.0468,0.0455,0.0448,0.0448,0.043,0.043,0.0455,0.0466,0.0466,0.0462,0.0472,0.048,0.0455,0.0436,0.0436,0.0442,0.0442,0.0472,0.0472,0.0467,0.0462,0.0484,0.0472,0.0442,0.0429,0.0442,0.0425,0.0419,0.0418,0.0436,0.0436,0.0436,0.0455,0.0419,0.0448,0.0448,0.0442,0.0442,0.0442,0.0456,0.0442,0.0429,0.0468
MOD17A2H.A2018209.h12v02.006.2018218223858.Gpp_500m,MOD17A2H,A2018209,Lat66.02328333Lon-137.2492667Samp13Line13,2018218223858,Gpp_500m,0.0438,0.0421,0.0438,0.0421,0.0425,0.0414,0.0414,0.0468,0.045,0.043,0.0445,0.0373,0.0444,0.0394,0.0388,0.0388,0.0539,0.0558,0.0558,0.0357,0.0378,0.0366,0.0325,0.0444,0.0428,0.0428,0.0404,0.0404,0.0373,0.0378,0.0445,0.0404,0.0378,0.0366,0.0357,0.0376,0.0412,0.0402,0.0391,0.0332,0.0414,0.0445,0.0373,0.0436,0.046,0.0322,0.0361,0.0412,0.0398,0.0397,0.0418,0.0391,0.0336,0.0398,0.0455,0.046,0.0424,0.0434,0.0424,0.0448,0.0433,0.0428,0.0391,0.0403,0.0402,0.0377,0.0428,0.0434,0.0434,0.0428,0.0448,0.0433,0.0428,0.0391,0.0386,0.037,0.0428,0.037,0.0373,0.0434,0.0424,0.0403,0.0391,0.0356,0.037,0.037,0.0349,0.038,0.038,0.0386,0.0364,0.0428,0.0412,0.0345,0.0356,0.0349,0.0349,0.0349,0.0365,0.0396,0.0375,0.0369,0.0354,0.0364,0.0345,0.0349,0.0314,0.0345,0.0402,0.0401,0.0401,0.0379,0.0378,0.0369,0.0348,0.039,0.0364,0.0314,0.0324,0.0386,0.038,0.0401,0.0375,0.0359,0.0359,0.0359,0.0405,0.0421,0.0347,0.0364,0.036,0.038,0.0365,0.0364,0.0354,0.0359,0.0359,0.0408,0.0426,0.0377,0.0377,0.0358,0.0399,0.0293,0.0287,0.0287,0.0328,0.0328,0.043,0.0426,0.0364,0.0358,0.0358,0.0357,0.0364,0.0368,0.0287,0.0369,0.0395,0.0359,0.0375,0.0375,0.0377,0.0358,0.0357,0.0377,0.0368,0.0357,0.0357
MOD17A2H.A2018217.h12v02.006.2018227173609.Gpp_500m,MOD17A2H,A2018217,Lat66.02328333Lon-137.2492667Samp13Line13,2018227173609,Gpp_500m,0.0023,0.0068,0.0068,0.0108,0.0037,0.0044,0.0066,0.0102,0.0218,0.0079,0.0079,0.0061,0.0042,0.0068,0.0023,0.0023,0.0083,0.0179,0.0184,0.0247,0.0154,0.0044,0.0044,0.0251,0.0251,0.0193,0.0207,0.0207,0.0052,0.0282,0.0247,F,0.0264,0.0264,0.0264,0.0199,0.0193,0.0166,0.0166,0.012,0.0282,0.0275,0.0275,0.0272,0.0255,0.0254,0.0199,0.0199,0.0152,0.0086,0.0086,0.0229,0.0193,F,0.0193,0.0272,0.0254,0.0213,0.0124,0.0124,0.0067,0.0112,0.0112,0.0172,0.0172,0.0241,0.012,0.0161,0.0161,0.0152,0.0124,0.0067,0.0102,0.0102,0.0121,0.0168,0.0181,0.0248,0.023,0.0205,0.021,0.0158,0.014,0.014,0.0195,0.0228,0.0168,0.0233,0.0234,0.0221,0.0168,0.021,0.021,0.0205,0.0222,0.0205,0.0228,0.024,0.024,0.0236,0.0236,0.0168,0.0066,0.015,0.0182,0.0222,0.0221,0.0221,0.0212,0.0233,0.0234,F,0.0123,F,0.0181,0.0165,0.0212,0.0205,F,0.0189,0.0189,0.0168,0.0168,F,0.0158,0.0158,0.0192,0.0192,0.022,0.0212,0.0168,0.0168,0.0202,0.021,F,0.0222,0.0222,0.0192,0.0204,0.0192,0.0168,0.0137,0.0183,0.0221,0.021,0.0205,0.0205,0.0204,0.02,0.0192,0.0156,0.0157,0.0155,0.0126,0.0122,0.0122,0.0243,0.0171,0.017,0.02,0.0168,0.0168,0.0059,0.0079,0.0226,0.0225,0.0234,0.0137,0.0175
MOD17A2H.A2018225.h12v02.006.2018234142806.Gpp_500m,MOD17A2H,A2018225,Lat66.02328333Lon-137.2492667Samp13Line13,2018234142806,Gpp_500m,0.0178,0.0238,0.0238,0.0229,0.0229,0.022,0.0212,0.0259,0.0208,0.0197,0.0084,0.0081,0.0057,0.0221,0.022,0.0221,0.0265,0.0255,0.0255,0.0214,0.0215,0.0226,0.0232,0.0069,0.0069,0.0112,0.0221,0.0221,0.0221,0.0252,0.0252,0.023,0.0226,0.0232,0.0232,0.023,0.022,0.022,0.0216,0.0221,0.022,0.0252,0.023,0.023,0.0235,0.023,0.023,0.0226,0.0194,0.0216,0.0211,0.0211,0.0197,0.0208,0.023,0.0232,0.023,0.0236,0.0226,0.0194,0.0194,0.0169,0.0169,0.0206,0.0139,0.0239,0.0222,0.023,0.0232,0.0236,0.0223,0.0218,0.0223,0.0242,0.0206,0.0157,0.0134,0.0145,0.0216,0.0211,0.0199,0.0216,0.0208,0.0202,0.0242,0.0151,0.0157,0.0154,0.0145,0.0191,0.0137,0.0199,0.0199,0.0216,0.0202,0.023,0.0181,0.019,0.0151,0.019,0.0191,0.0208,0.0212,0.0206,0.0136,0.0151,0.0147,0.0179,0.0183,0.0187,0.0223,0.0234,0.0242,0.0242,0.0212,0.021,0.0206,0.0147,0.0151,0.0159,0.0205,0.0223,0.0234,0.0226,0.0212,0.0202,0.0218,0.0212,0.0213,0.0206,0.0154,0.0223,0.0205,0.0222,0.023,0.0226,0.0218,0.0154,0.0173,0.0206,0.0206,0.0206,0.0185,0.0163,0.0201,0.0147,0.0197,0.0194,0.0179,0.0179,0.0145,0.0148,0.0138,0.0127,0.012,0.0082,0.0147,0.0173,0.0173,0.0118,0.0154,0.0145,0.0131,0.0081,0.012,0.012,0.0116,0.0139,0.011
MOD17A2H.A2018233.h12v02.006.2018242050632.Gpp_500m,MOD17A2H,A2018233,Lat66.02328333Lon-137.2492667Samp13Line13,2018242050632,Gpp_500m,0.0146,0.0149,0.0138,0.0073,0.002,0.0123,0.0119,0.0146,0.0174,0.017,0.0146,0.015,0.014,0.0143,0.0073,0.0058,0.0058,0.0115,0.0123,0.0138,0.0143,0.0164,0.015,0.0164,0.015,0.0155,0.0032,0.0041,0.006,0.0102,0.0123,0.0155,0.0164,0.017,0.0155,0.014,0.0119,0.0041,0.0041,0.0044,0.0038,0.0119,0.0132,0.0153,0.0112,0.0052,0.014,0.0068,0.0039,0.0042,0.0039,0.0055,0.0105,0.0132,0.0131,0.0039,0.0036,0.0055,0.0075,0.0055,0.0042,0.0042,0.0061,0.0055,0.0082,0.0032,0.0041,0.0052,0.0052,0.0099,0.0055,0.0099,0.0147,0.0061,0.0032,0.0054,0.0039,0.0041,0.0032,0.0041,0.0093,0.0127,0.0127,0.0138,0.0057,0.0054,0.0041,0.0039,0.0032,0.0039,0.0032,0.0093,0.0118,0.0088,0.0138,0.0138,0.0055,0.0039,0.0039,0.0105,0.0075,0.0061,0.0075,0.0075,0.0088,0.006,0.0061,0.0061,0.0075,0.0123,0.01,0.01,0.0075,0.0075,0.0094,0.0094,0.0056,0.0068,0.0068,0.0104,0.0104,0.013,0.0021,0.0104,0.0112,0.01,0.0117,0.0096,0.0079,0.0079,0.0041,F,0.0117,0.0117,0.0119,0.0106,0.0117,0.0119,0.0127,0.011,0.0139,0.0117,0.0108,0.011,0.011,0.0119,0.012,0.0089,0.0093,0.0093,0.0112,0.0105,0.0096,0.0076,0.0076,0.0076,0.011,0.009,0.0075,0.0054,0.0104,0.012,0.0105,0.0083,0.0082,0.008,0.0068,0.0112,0.0112
MOD17A2H.A2018241.h12v02.006.2018250051046.Gpp_500m,MOD17A2H,A2018241,Lat66.02328333Lon-137.2492667Samp13Line13,2018250051046,Gpp_500m,0.0049,0.0071,0.0106,0.0056,0.003,0.0039,0.0039,0.0028,0.0024,0.0015,0.0015,0.0015,0.0046,0.0065,0.0024,0.0038,0.003,0.003,0.0042,0.0015,0.0015,0.0015,0.0022,0.0022,0.0053,0.0046,0.0022,0.0021,0.003,0.0028,0.0015,0.003,0.0015,0.0015,0.0087,0.0087,0.0033,0.0028,0.0028,0.0021,0.0028,0.0038,0.0028,0.0022,0.0022,0.0067,0.0087,0.0033,0.0054,0.0039,0.0076,0.0028,0.002,0.0038,0.0015,0.0015,0.003,0.0084,0.0084,0.003,0.003,0.0082,0.0082,0.0076,0.0075,0.0038,0.0036,0.0036,0.0015,0.0026,0.0078,0.0078,0.0053,0.0058,0.0058,0.0075,0.0065,0.0064,0.0075,0.0026,0.0082,0.0073,0.0062,0.0053,0.0067,0.0076,0.0073,0.0065,0.0038,0.0038,0.0049,0.0073,0.0109,0.0062,0.0078,0.0078,0.0076,0.0049,0.0038,0.0038,0.0038,0.0049,0.0049,0.0038,0.0064,0.0064,0.0038,0.0058,0.0038,0.0038,0.0058,0.0058,0.0038,0.0058,0.0058,0.0047,0.0058,0.0058,0.0058,0.0038,0.0046,0.0058,0.0058,0.0058,0.0058,0.0054,0.0038,0.0051,0.0045,0.0049,0.0047,0.0047,0.0047,0.0058,0.0058,0.0058,0.0038,0.0038,0.0045,0.0045,0.0049,0.0048,0.0038,0.0047,0.0047,0.0058,0.0058,0.0038,0.0038,0.0038,0.0038,0.0044,0.003,0.0024,0.0038,0.003,0.0058,0.0058,0.0058,0.0038,0.0058,0.0038,0.0038,0.0044,0.0024,0.0047,0.0038,0.0048,0.0058
MOD17A2H.A2018249.h12v02.006.2018258044645.Gpp_500m,MOD17A2H,A2018249,Lat66.02328333Lon-137.2492667Samp13Line13,2018258044645,Gpp_500m,0.0062,0.0062,0.0062,0.0059,0.005,0.005,0.0059,0.0061,0.0062,0.006,0.0055,0.0051,0.0055,0.005,0.005,0.005,0.0059,0.0058,0.0062,0.005,0.0051,0.005,0.0058,0.0062,0.0062,0.0058,0.005,0.0051,0.005,0.006,0.0068,0.0062,0.0063,0.0068,0.0062,0.006,0.0058,0.0055,0.005,0.0058,0.0056,0.0068,0.006,0.006,0.0061,0.0059,0.006,0.0058,0.0058,0.0058,0.0056,0.0056,0.0051,0.0059,0.0058,0.0058,0.0055,0.006,0.0063,0.0067,0.0067,0.0062,0.0056,0.006,0.0058,0.0062,0.0058,0.006,0.0068,0.0068,0.0067,0.0056,0.0062,0.0055,0.0051,0.0051,0.0059,0.0063,0.006,0.005,0.0055,0.006,0.005,0.0058,0.006,0.0062,0.006,0.0051,0.006,0.0058,0.0058,0.0051,0.005,0.0055,0.0058,0.0058,0.0062,0.006,0.006,0.0059,0.0058,0.006,0.0056,0.0055,0.0058,0.0055,0.0058,0.0058,0.0059,0.0059,0.0059,0.0058,0.006,0.006,0.0056,0.0055,0.0055,0.0056,0.0053,0.0053,0.0051,0.0059,0.0058,0.006,0.0062,0.0062,0.0062,0.0062,0.0062,0.006,0.0051,0.0051,0.0056,0.006,0.006,0.0062,0.006,0.0062,0.0068,0.0062,0.0062,0.0055,0.005,0.0052,0.0055,0.006,0.0062,0.0055,0.0055,0.005,0.005,0.005,0.0052,0.005,0.0051,0.005,0.0055,0.0055,0.005,0.005,0.005,0.005,0.005,0.0051,0.0053,0.0056,0.0056,0.005,0.006
MOD17A2H.A2018257.h12v02.006.2018266043239.Gpp_500m,MOD17A2H,A2018257,Lat66.02328333Lon-137.2492667Samp13Line13,2018266043239,Gpp_500m,0.0058,0.0059,0.0063,0.0059,0.0056,0.0053,0.0053,0.0053,0.0061,0.0061,0.0053,0.0059,0.0059,0.0056,0.0051,0.0053,0.0057,0.0057,0.007,0.0067,0.0067,0.007,0.007,0.0064,0.0061,0.0061,0.0051,0.0056,0.0059,0.0059,0.0067,0.0067,0.007,0.007,0.007,0.0064,0.0057,0.0056,0.0052,0.0059,0.0059,0.007,0.007,0.0067,0.0067,0.0061,0.0056,0.0057,0.0061,0.0056,0.0056,0.0058,0.0056,0.0059,0.0067,0.0067,0.0059,0.0057,0.0059,0.0068,0.0064,0.0061,0.0061,0.0056,0.0058,0.0059,0.0059,0.0066,0.0066,0.0066,0.0068,0.0065,0.0065,0.0056,0.0056,0.0052,0.0056,0.0064,0.0066,0.0066,0.0056,0.0061,0.0056,0.0056,0.0061,0.0065,0.0064,0.0059,0.0065,0.0065,0.0058,0.0056,0.0055,0.0056,0.0056,0.0064,0.0065,0.0067,0.0064,0.0059,0.0061,0.0061,0.0059,0.0052,0.0059,0.0056,0.0058,0.0058,0.0061,0.0065,0.0061,0.0064,0.0065,0.0063,0.0056,0.0055,0.0055,0.0055,0.0055,0.0056,0.0052,0.0056,0.0064,0.0065,0.0065,0.0065,0.0065,0.0067,0.0072,0.0058,0.0056,0.0052,0.0056,0.0056,0.0071,0.0067,0.0065,0.0065,0.0067,0.0065,0.0065,0.0061,0.0058,0.0052,0.0052,0.0059,0.0071,0.0063,0.0055,0.0058,0.0055,0.0055,0.0052,0.0052,0.0055,0.0055,0.0056,0.0052,0.0052,0.005,0.0052,0.0052,0.0055,0.0052,0.0052,0.0052,0.0052,0.0055,0.0058
MOD17A2H.A2018265.h12v02.006.2018289141028.Gpp_500m,MOD17A2H,A2018265,Lat66.02328333Lon-137.2492667Samp13Line13,2018289141028,Gpp_500m,0.002,0.0007,0.0007,0.0007,0.0009,0.0007,0.0007,0.0013,0.0015,0.0007,0.0007,0.0007,0.0015,0.0014,0.0011,0.0007,0.0015,0.0012,0.0015,0.0011,0.0011,0.0011,0.0007,0.0015,0.0007,0.0007,0.0007,0.0007,0.0007,0.0014,0.0011,0.0011,0.0011,0.0007,0.0007,0.0015,0.0015,0.0015,0.0007,0.0015,0.0015,0.0007,0.0011,0.0011,0.0015,0.0011,0.0011,0.0015,0.0015,0.0011,0.0007,0.0013,0.0014,0.0007,0.0011,0.0012,0.0015,0.0011,0.0015,0.0015,0.0015,0.0007,0.0015,0.0016,0.0023,0.0016,0.0015,0.0015,0.0014,0.0007,0.0015,0.0012,0.0015,0.0015,0.0017,0.0017,0.002,0.0026,0.0015,0.0014,0.0014,0.0014,0.0011,0.0015,0.0015,0.002,0.0023,0.0023,0.0026,0.0026,0.0023,0.0011,0.0014,0.0014,0.0016,0.0016,0.0017,0.002,0.0023,0.0017,0.0023,0.0023,0.0023,0.0023,0.0014,0.0014,0.0015,0.0017,0.002,0.0016,0.0016,0.0017,0.0026,0.0023,0.0023,0.002,0.002,0.0015,0.0015,0.0015,0.0015,0.0011,0.0017,0.0026,0.0023,0.0023,0.0023,0.0023,0.0024,0.0024,0.0015,0.0015,0.0011,0.0025,0.0025,0.0024,0.0016,0.0016,0.0023,0.0023,0.002,0.002,0.002,0.0015,0.0015,0.0015,0.0014,0.0014,0.0016,0.0015,0.0016,0.0016,0.0014,0.0015,0.002,0.0023,0.0015,0.0014,0.0014,0.0014,0.0014,0.002,0.0014,0.0014,0.0015,0.0015,0.0015,0.0017,0.002
MOD17A2H.A2018273.h12v02.006.2018290200540.Gpp_500m,MOD17A2H,A2018273,Lat66.02328333Lon-137.2492667Samp13Line13,2018290200540,Gpp_500m,0.0014,0.0013,0.0013,0.0013,0.0012,0.0008,0.0013,0.0012,0.0012,0.0011,0.0013,0.0011,0.0013,0.001,0.001,0.0012,0.0011,0.0011,0.0007,0.0007,0.0013,0.0007,0.0011,0.0013,0.0013,0.0013,0.0012,0.0012,0.0013,0.0013,0.0013,0.0013,0.0013,0.0013,0.0013,0.0013,0.0013,0.0013,0.0012,0.0013,0.0013,0.0012,0.0013,0.0014,0.0014,0.0013,0.0013,0.0013,0.0013,0.0007,0.0007,0.0007,0.0013,0.0013,0.0013,0.0013,0.0013,0.0012,0.0015,0.0015,0.0015,0.0013,0.0008,0.0008,0.0009,0.0013,0.0013,0.0013,0.0016,0.0015,0.0015,0.0016,0.0011,0.0013,0.0013,0.0009,0.0013,0.0015,0.0013,0.0011,0.0008,0.0013,0.0005,0.0013,0.0017,0.0013,0.0009,0.0007,0.0013,0.0013,0.0013,0.0008,0.0008,F,F,F,0.0013,0.0011,0.0013,0.0013,0.0016,0.0013,0.0013,0.0013,0.0002,F,0.0006,0.0007,0.0009,0.0013,0.0013,0.0015,0.0013,0.0012,0.0013,0.0013,0.0015,0.0006,0.0007,0.0012,0.0013,0.0013,0.0013,0.0011,0.0015,0.0013,0.0013,0.0014,0.0012,0.0013,0.0012,0.0013,0.0012,0.0015,0.0002,0.0011,0.0013,0.0008,0.0006,0.0006,0.0006,0.0011,0.0013,0.0012,0.0011,0.0002,0.0009,0.0012,0.0012,0.0007,0.0007,F,0.0006,0.0007,0.0012,0.0012,0.0007,0.0007,0.0012,0.0012,0.0007,0.0007,0.0002,0.0007,0.0007,0.0013,0.0014,0.0014,0.0013
MOD17A2H.A2018281.h12v02.006.2018295162159.Gpp_500m,MOD17A2H,A2018281,Lat66.02328333Lon-137.2492667Samp13Line13,2018295162159,Gpp_500m,F,F,F,F,F,F,F,F,F,F,F,F,F,F,F,F,F,F,F,F,F,F,F,F,F,F,F,F,F,F,F,F,F,F,F,F,F,F,F,F,F,F,F,F,F,F,F,F,F,F,F,F,F,F,F,F,F,F,F,F,F,F,F,F,F,F,F,F,F,F,F,F,F,F,F,F,F,F,F,F,F,F,F,F,F,F,F,F,F,F,F,F,F,F,F,F,F,F,F,F,F,F,F,F,F,F,F,F,F,F,F,F,F,F,F,F,F,F,F,F,F,F,F,F,F,F,F,F,F,F,F,F,F,F,F,F,F,F,F,F,F,F,F,F,F,F,F,F,F,F,F,F,F,F,F,F,F,F,F,F,F,F,F,F,F,F,F,F,F
MOD17A2H.A2018289.h12v02.006.2018303120620.Gpp_500m,MOD17A2H,A2018289,Lat66.02328333Lon-137.2492667Samp13Line13,2018303120620,Gpp_500m,F,F,F,F,F,F,F,F,F,F,F,F,F,F,F,F,F,F,F,F,F,F,F,F,F,F,F,F,F,F,F,F,F,F,F,F,F,F,F,F,F,F,F,F,F,F,F,F,F,F,F,F,F,F,F,F,F,F,F,F,F,F,F,F,F,F,F,F,F,F,F,F,F,F,F,F,F,F,F,F,F,F,F,F,F,F,F,F,F,F,F,F,F,F,F,F,F,F,F,F,F,F,F,F,F,F,F,F,F,F,F,F,F,F,F,F,F,F,F,F,F,F,F,F,F,F,F,F,F,F,F,F,F,F,F,F,F,F,F,F,F,F,F,F,F,F,F,F,F,F,F,F,F,F,F,F,F,F,F,F,F,F,F,F,F,F,F,F,F
MOD17A2H.A2018297.h12v02.006.2018312191846.Gpp_500m,MOD17A2H,A2018297,Lat66.02328333Lon-137.2492667Samp13Line13,2018312191846,Gpp_500m,F,F,F,F,F,F,F,F,F,F,F,F,F,F,F,F,F,F,F,F,F,F,F,F,F,F,F,F,F,F,F,F,F,F,F,F,F,F,F,F,F,F,F,F,F,F,F,F,F,F,F,F,F,F,F,F,F,F,F,F,F,F,F,F,F,F,F,F,F,F,F,F,F,F,F,F,F,F,F,F,F,F,F,F,F,F,F,F,F,F,F,F,F,F,F,F,F,F,F,F,F,F,F,F,F,F,F,F,F,F,F,F,F,F,F,F,F,F,F,F,F,F,F,F,F,F,F,F,F,F,F,F,F,F,F,F,F,F,F,F,F,F,F,F,F,F,F,F,F,F,F,F,F,F,F,F,F,F,F,F,F,F,F,F,F,F,F,F,F
MOD17A2H.A2018305.h12v02.006.2018316162353.Gpp_500m,MOD17A2H,A2018305,Lat66.02328333Lon-137.2492667Samp13Line13,2018316162353,Gpp_500m,F,F,F,F,F,F,F,F,F,F,F,F,F,F,F,F,F,F,F,F,F,F,F,F,F,F,F,F,F,F,F,F,F,F,F,F,F,F,F,F,F,F,F,F,F,F,F,F,F,F,F,F,F,F,F,F,F,F,F,F,F,F,F,F,F,F,F,F,F,F,F,F,F,F,F,F,F,F,F,F,F,F,F,F,F,F,F,F,F,F,F,F,F,F,F,F,F,F,F,F,F,F,F,F,F,F,F,F,F,F,F,F,F,F,F,F,F,F,F,F,F,F,F,F,F,F,F,F,F,F,F,F,F,F,F,F,F,F,F,F,F,F,F,F,F,F,F,F,F,F,F,F,F,F,F,F,F,F,F,F,F,F,F,F,F,F,F,F,F
MOD17A2H.A2018313.h12v02.006.2018322042622.Gpp_500m,MOD17A2H,A2018313,Lat66.02328333Lon-137.2492667Samp13Line13,2018322042622,Gpp_500m,F,F,F,F,F,F,F,F,F,F,F,F,F,F,F,F,F,F,F,F,F,F,F,F,F,F,F,F,F,F,F,F,F,F,F,F,F,F,F,F,F,F,F,F,F,F,F,F,F,F,F,F,F,F,F,F,F,F,F,F,F,F,F,F,F,F,F,F,F,F,F,F,F,F,F,F,F,F,F,F,F,F,F,F,F,F,F,F,F,F,F,F,F,F,F,F,F,F,F,F,F,F,F,F,F,F,F,F,F,F,F,F,F,F,F,F,F,F,F,F,F,F,F,F,F,F,F,F,F,F,F,F,F,F,F,F,F,F,F,F,F,F,F,F,F,F,F,F,F,F,F,F,F,F,F,F,F,F,F,F,F,F,F,F,F,F,F,F,F
MOD17A2H.A2018321.h12v02.006.2018330220236.Gpp_500m,MOD17A2H,A2018321,Lat66.02328333Lon-137.2492667Samp13Line13,2018330220236,Gpp_500m,F,F,F,F,F,F,F,F,F,F,F,F,F,F,F,F,F,F,F,F,F,F,F,F,F,F,F,F,F,F,F,F,F,F,F,F,F,F,F,F,F,F,F,F,F,F,F,F,F,F,F,F,F,F,F,F,F,F,F,F,F,F,F,F,F,F,F,F,F,F,F,F,F,F,F,F,F,F,F,F,F,F,F,F,F,F,F,F,F,F,F,F,F,F,F,F,F,F,F,F,F,F,F,F,F,F,F,F,F,F,F,F,F,F,F,F,F,F,F,F,F,F,F,F,F,F,F,F,F,F,F,F,F,F,F,F,F,F,F,F,F,F,F,F,F,F,F,F,F,F,F,F,F,F,F,F,F,F,F,F,F,F,F,F,F,F,F,F,F
MOD17A2H.A2018329.h12v02.006.2018338134355.Gpp_500m,MOD17A2H,A2018329,Lat66.02328333Lon-137.2492667Samp13Line13,2018338134355,Gpp_500m,F,F,F,F,F,F,F,F,F,F,F,F,F,F,F,F,F,F,F,F,F,F,F,F,F,F,F,F,F,F,F,F,F,F,F,F,F,F,F,F,F,F,F,F,F,F,F,F,F,F,F,F,F,F,F,F,F,F,F,F,F,F,F,F,F,F,F,F,F,F,F,F,F,F,F,F,F,F,F,F,F,F,F,F,F,F,F,F,F,F,F,F,F,F,F,F,F,F,F,F,F,F,F,F,F,F,F,F,F,F,F,F,F,F,F,F,F,F,F,F,F,F,F,F,F,F,F,F,F,F,F,F,F,F,F,F,F,F,F,F,F,F,F,F,F,F,F,F,F,F,F,F,F,F,F,F,F,F,F,F,F,F,F,F,F,F,F,F,F
MOD17A2H.A2018337.h12v02.006.2018348153628.Gpp_500m,MOD17A2H,A2018337,Lat66.02328333Lon-137.2492667Samp13Line13,2018348153628,Gpp_500m,F,F,F,F,F,F,F,F,F,F,F,F,F,F,F,F,F,F,F,F,F,F,F,F,F,F,F,F,F,F,F,F,F,F,F,F,F,F,F,F,F,F,F,F,F,F,F,F,F,F,F,F,F,F,F,F,F,F,F,F,F,F,F,F,F,F,F,F,F,F,F,F,F,F,F,F,F,F,F,F,F,F,F,F,F,F,F,F,F,F,F,F,F,F,F,F,F,F,F,F,F,F,F,F,F,F,F,F,F,F,F,F,F,F,F,F,F,F,F,F,F,F,F,F,F,F,F,F,F,F,F,F,F,F,F,F,F,F,F,F,F,F,F,F,F,F,F,F,F,F,F,F,F,F,F,F,F,F,F,F,F,F,F,F,F,F,F,F,F
MOD17A2H.A2018345.h12v02.006.2018365175314.Gpp_500m,MOD17A2H,A2018345,Lat66.02328333Lon-137.2492667Samp13Line13,2018365175314,Gpp_500m,F,F,F,F,F,F,F,F,F,F,F,F,F,F,F,F,F,F,F,F,F,F,F,F,F,F,F,F,F,F,F,F,F,F,F,F,F,F,F,F,F,F,F,F,F,F,F,F,F,F,F,F,F,F,F,F,F,F,F,F,F,F,F,F,F,F,F,F,F,F,F,F,F,F,F,F,F,F,F,F,F,F,F,F,F,F,F,F,F,F,F,F,F,F,F,F,F,F,F,F,F,F,F,F,F,F,F,F,F,F,F,F,F,F,F,F,F,F,F,F,F,F,F,F,F,F,F,F,F,F,F,F,F,F,F,F,F,F,F,F,F,F,F,F,F,F,F,F,F,F,F,F,F,F,F,F,F,F,F,F,F,F,F,F,F,F,F,F,F
MOD17A2H.A2018353.h12v02.006.2019009020820.Gpp_500m,MOD17A2H,A2018353,Lat66.02328333Lon-137.2492667Samp13Line13,2019009020820,Gpp_500m,F,F,F,F,F,F,F,F,F,F,F,F,F,F,F,F,F,F,F,F,F,F,F,F,F,F,F,F,F,F,F,F,F,F,F,F,F,F,F,F,F,F,F,F,F,F,F,F,F,F,F,F,F,F,F,F,F,F,F,F,F,F,F,F,F,F,F,F,F,F,F,F,F,F,F,F,F,F,F,F,F,F,F,F,F,F,F,F,F,F,F,F,F,F,F,F,F,F,F,F,F,F,F,F,F,F,F,F,F,F,F,F,F,F,F,F,F,F,F,F,F,F,F,F,F,F,F,F,F,F,F,F,F,F,F,F,F,F,F,F,F,F,F,F,F,F,F,F,F,F,F,F,F,F,F,F,F,F,F,F,F,F,F,F,F,F,F,F,F
MOD17A2H.A2018361.h12v02.006.2019009100120.Gpp_500m,MOD17A2H,A2018361,Lat66.02328333Lon-137.2492667Samp13Line13,2019009100120,Gpp_500m,F,F,F,F,F,F,F,F,F,F,F,F,F,F,F,F,F,F,F,F,F,F,F,F,F,F,F,F,F,F,F,F,F,F,F,F,F,F,F,F,F,F,F,F,F,F,F,F,F,F,F,F,F,F,F,F,F,F,F,F,F,F,F,F,F,F,F,F,F,F,F,F,F,F,F,F,F,F,F,F,F,F,F,F,F,F,F,F,F,F,F,F,F,F,F,F,F,F,F,F,F,F,F,F,F,F,F,F,F,F,F,F,F,F,F,F,F,F,F,F,F,F,F,F,F,F,F,F,F,F,F,F,F,F,F,F,F,F,F,F,F,F,F,F,F,F,F,F,F,F,F,F,F,F,F,F,F,F,F,F,F,F,F,F,F,F,F,F,F
MOD17A2H.A2019001.h12v02.006.2019079210731.Gpp_500m,MOD17A2H,A2019001,Lat66.02328333Lon-137.2492667Samp13Line13,2019079210731,Gpp_500m,F,F,F,F,F,F,F,F,F,F,F,F,F,F,F,F,F,F,F,F,F,F,F,F,F,F,F,F,F,F,F,F,F,F,F,F,F,F,F,F,F,F,F,F,F,F,F,F,F,F,F,F,F,F,F,F,F,F,F,F,F,F,F,F,F,F,F,F,F,F,F,F,F,F,F,F,F,F,F,F,F,F,F,F,F,F,F,F,F,F,F,F,F,F,F,F,F,F,F,F,F,F,F,F,F,F,F,F,F,F,F,F,F,F,F,F,F,F,F,F,F,F,F,F,F,F,F,F,F,F,F,F,F,F,F,F,F,F,F,F,F,F,F,F,F,F,F,F,F,F,F,F,F,F,F,F,F,F,F,F,F,F,F,F,F,F,F,F,F
MOD17A2H.A2019009.h12v02.006.2019079221100.Gpp_500m,MOD17A2H,A2019009,Lat66.02328333Lon-137.2492667Samp13Line13,2019079221100,Gpp_500m,F,F,F,F,F,F,F,F,F,F,F,F,F,F,F,F,F,F,F,F,F,F,F,F,F,F,F,F,F,F,F,F,F,F,F,F,F,F,F,F,F,F,F,F,F,F,F,F,F,F,F,F,F,F,F,F,F,F,F,F,F,F,F,F,F,F,F,F,F,F,F,F,F,F,F,F,F,F,F,F,F,F,F,F,F,F,F,F,F,F,F,F,F,F,F,F,F,F,F,F,F,F,F,F,F,F,F,F,F,F,F,F,F,F,F,F,F,F,F,F,F,F,F,F,F,F,F,F,F,F,F,F,F,F,F,F,F,F,F,F,F,F,F,F,F,F,F,F,F,F,F,F,F,F,F,F,F,F,F,F,F,F,F,F,F,F,F,F,F
MOD17A2H.A2019017.h12v02.006.2019079234639.Gpp_500m,MOD17A2H,A2019017,Lat66.02328333Lon-137.2492667Samp13Line13,2019079234639,Gpp_500m,F,F,F,F,F,F,F,F,F,F,F,F,F,F,F,F,F,F,F,F,F,F,F,F,F,F,F,F,F,F,F,F,F,F,F,F,F,F,F,F,F,F,F,F,F,F,F,F,F,F,F,F,F,F,F,F,F,F,F,F,F,F,F,F,F,F,F,F,F,F,F,F,F,F,F,F,F,F,F,F,F,F,F,F,F,F,F,F,F,F,F,F,F,F,F,F,F,F,F,F,F,F,F,F,F,F,F,F,F,F,F,F,F,F,F,F,F,F,F,F,F,F,F,F,F,F,F,F,F,F,F,F,F,F,F,F,F,F,F,F,F,F,F,F,F,F,F,F,F,F,F,F,F,F,F,F,F,F,F,F,F,F,F,F,F,F,F,F,F
MOD17A2H.A2019025.h12v02.006.2019080004938.Gpp_500m,MOD17A2H,A2019025,Lat66.02328333Lon-137.2492667Samp13Line13,2019080004938,Gpp_500m,F,F,F,F,F,F,F,F,F,F,F,F,F,F,F,F,F,F,F,F,F,F,F,F,F,F,F,F,F,F,F,F,F,F,F,F,F,F,F,F,F,F,F,F,F,F,F,F,F,F,F,F,F,F,F,F,F,F,F,F,F,F,F,F,F,F,F,F,F,F,F,F,F,F,F,F,F,F,F,F,F,F,F,F,F,F,F,F,F,F,F,F,F,F,F,F,F,F,F,F,F,F,F,F,F,F,F,F,F,F,F,F,F,F,F,F,F,F,F,F,F,F,F,F,F,F,F,F,F,F,F,F,F,F,F,F,F,F,F,F,F,F,F,F,F,F,F,F,F,F,F,F,F,F,F,F,F,F,F,F,F,F,F,F,F,F,F,F,F
MOD17A2H.A2019033.h12v02.006.2019080014910.Gpp_500m,MOD17A2H,A2019033,Lat66.02328333Lon-137.2492667Samp13Line13,2019080014910,Gpp_500m,F,F,F,F,F,F,F,F,F,F,F,F,F,F,F,F,F,F,F,F,F,F,F,F,F,F,F,F,F,F,F,F,F,F,F,F,F,F,F,F,F,F,F,F,F,F,F,F,F,F,F,F,F,F,F,F,F,F,F,F,F,F,F,F,F,F,F,F,F,F,F,F,F,F,F,F,F,F,F,F,F,F,F,F,F,F,F,F,F,F,F,F,F,F,F,F,F,F,F,F,F,F,F,F,F,F,F,F,F,F,F,F,F,F,F,F,F,F,F,F,F,F,F,F,F,F,F,F,F,F,F,F,F,F,F,F,F,F,F,F,F,F,F,F,F,F,F,F,F,F,F,F,F,F,F,F,F,F,F,F,F,F,F,F,F,F,F,F,F
MOD17A2H.A2019041.h12v02.006.2019080030342.Gpp_500m,MOD17A2H,A2019041,Lat66.02328333Lon-137.2492667Samp13Line13,2019080030342,Gpp_500m,F,F,F,F,F,F,F,F,F,F,F,F,F,F,F,F,F,F,F,F,F,F,F,F,F,F,F,F,F,F,F,F,F,F,F,F,F,F,F,F,F,F,F,F,F,F,F,F,F,F,F,F,F,F,F,F,F,F,F,F,F,F,F,F,F,F,F,F,F,F,F,F,F,F,F,F,F,F,F,F,F,F,F,F,F,F,F,F,F,F,F,F,F,F,F,F,F,F,F,F,F,F,F,F,F,F,F,F,F,F,F,F,F,F,F,F,F,F,F,F,F,F,F,F,F,F,F,F,F,F,F,F,F,F,F,F,F,F,F,F,F,F,F,F,F,F,F,F,F,F,F,F,F,F,F,F,F,F,F,F,F,F,F,F,F,F,F,F,F
MOD17A2H.A2019049.h12v02.006.2019080035758.Gpp_500m,MOD17A2H,A2019049,Lat66.02328333Lon-137.2492667Samp13Line13,2019080035758,Gpp_500m,F,F,F,F,F,F,F,F,F,F,F,F,F,F,F,F,F,F,F,F,F,F,F,F,F,F,F,F,F,F,F,F,F,F,F,F,F,F,F,F,F,F,F,F,F,F,F,F,F,F,F,F,F,F,F,F,F,F,F,F,F,F,F,F,F,F,F,F,F,F,F,F,F,F,F,F,F,F,F,F,F,F,F,F,F,F,F,F,F,F,F,F,F,F,F,F,F,F,F,F,F,F,F,F,F,F,F,F,F,F,F,F,F,F,F,F,F,F,F,F,F,F,F,F,F,F,F,F,F,F,F,F,F,F,F,F,F,F,F,F,F,F,F,F,F,F,F,F,F,F,F,F,F,F,F,F,F,F,F,F,F,F,F,F,F,F,F,F,F
MOD17A2H.A2019057.h12v02.006.2019084172729.Gpp_500m,MOD17A2H,A2019057,Lat66.02328333Lon-137.2492667Samp13Line13,2019084172729,Gpp_500m,F,F,F,F,F,F,F,F,F,F,F,F,F,F,F,F,F,F,F,F,F,F,F,F,F,F,F,F,F,F,F,F,F,F,F,F,F,F,F,F,F,F,F,F,F,F,F,F,F,F,F,F,F,F,F,F,F,F,F,F,F,F,F,F,F,F,F,F,F,F,F,F,F,F,F,F,F,F,F,F,F,F,F,F,F,F,F,F,F,F,F,F,F,F,F,F,F,F,F,F,F,F,F,F,F,F,F,F,F,F,F,F,F,F,F,F,F,F,F,F,F,F,F,F,F,F,F,F,F,F,F,F,F,F,F,F,F,F,F,F,F,F,F,F,F,F,F,F,F,F,F,F,F,F,F,F,F,F,F,F,F,F,F,F,F,F,F,F,F
MOD17A2H.A2019065.h12v02.006.2019084180541.Gpp_500m,MOD17A2H,A2019065,Lat66.02328333Lon-137.2492667Samp13Line13,2019084180541,Gpp_500m,F,F,F,F,F,F,F,F,F,F,F,F,F,F,F,F,F,F,F,F,F,F,F,F,F,F,F,F,F,F,F,F,F,F,F,F,F,F,F,F,F,F,F,F,F,F,F,F,F,F,F,F,F,F,F,F,F,F,F,F,F,F,F,F,F,F,F,F,F,F,F,F,F,F,F,F,F,F,F,F,F,F,F,F,F,F,F,F,F,F,F,F,F,F,F,F,F,F,F,F,F,F,F,F,F,F,F,F,F,F,F,F,F,F,F,F,F,F,F,F,F,F,F,F,F,F,F,F,F,F,F,F,F,F,F,F,F,F,F,F,F,F,F,F,F,F,F,F,F,F,F,F,F,F,F,F,F,F,F,F,F,F,F,F,F,F,F,F,F
MOD17A2H.A2019073.h12v02.006.2019084183455.Gpp_500m,MOD17A2H,A2019073,Lat66.02328333Lon-137.2492667Samp13Line13,2019084183455,Gpp_500m,F,F,F,F,F,F,F,F,F,F,F,F,F,F,F,F,F,F,0.0002,F,F,F,F,F,F,F,F,F,F,F,F,F,F,F,F,F,F,F,F,F,F,F,F,F,F,F,F,F,F,F,F,F,F,F,F,F,F,F,F,F,F,F,F,F,F,F,F,F,F,F,F,F,F,F,F,F,F,F,F,F,F,F,F,F,F,F,F,F,F,F,F,F,F,F,F,F,F,F,F,F,F,F,F,F,F,F,F,F,F,F,F,F,F,F,F,F,F,F,F,F,F,F,F,F,F,F,F,F,F,F,F,F,F,F,F,F,F,F,F,F,F,F,F,F,F,F,F,F,F,F,F,F,F,F,F,F,F,F,F,F,F,F,F,F,F,F,F,F,F
MOD17A2H.A2019081.h12v02.006.2019091191706.Gpp_500m,MOD17A2H,A2019081,Lat66.02328333Lon-137.2492667Samp13Line13,2019091191706,Gpp_500m,F,F,F,F,F,F,F,F,F,F,F,F,F,F,F,F,F,F,F,F,F,F,F,F,F,F,F,F,F,F,F,F,F,F,F,F,F,F,F,F,F,F,F,F,F,F,F,F,F,F,F,F,F,F,F,F,F,F,F,F,F,F,F,F,F,F,F,F,F,F,F,F,F,F,F,F,F,F,F,F,F,F,F,F,F,F,F,F,F,F,F,F,F,F,F,F,F,F,F,F,F,F,F,F,F,F,F,F,F,F,F,F,F,F,F,F,F,F,F,F,F,F,F,F,F,F,F,F,F,F,F,F,F,F,F,F,F,F,F,F,F,F,F,F,F,F,F,F,F,F,F,F,F,F,F,F,F,F,F,F,F,F,F,F,F,F,F,F,F
MOD17A2H.A2019089.h12v02.006.2019130161400.Gpp_500m,MOD17A2H,A2019089,Lat66.02328333Lon-137.2492667Samp13Line13,2019130161400,Gpp_500m,F,F,F,F,F,F,F,F,F,F,0,F,F,F,F,F,F,F,0,F,F,F,F,F,F,0,F,F,0,F,F,F,F,F,F,F,F,F,F,F,0,0,F,F,F,F,F,F,F,F,F,F,0,F,F,F,F,F,F,F,F,F,F,F,F,F,F,F,F,F,F,F,F,F,F,F,F,F,F,F,F,F,F,F,F,F,F,F,F,F,F,F,F,F,F,F,F,F,F,F,F,F,F,F,F,F,F,F,F,F,F,F,F,F,F,F,F,F,F,F,F,F,F,F,F,F,F,F,F,F,F,F,F,F,F,F,F,F,F,F,F,F,F,F,F,F,F,F,F,F,F,F,F,F,F,F,F,F,F,F,F,F,F,F,F,F,F,F,F
MOD17A2H.A2019097.h12v02.006.2019106070119.Gpp_500m,MOD17A2H,A2019097,Lat66.02328333Lon-137.2492667Samp13Line13,2019106070119,Gpp_500m,F,F,F,F,F,F,F,F,F,F,F,F,F,F,F,F,F,F,F,F,F,F,F,F,F,F,F,F,F,F,F,F,F,F,F,F,F,F,F,F,F,F,F,F,F,F,F,F,F,F,F,F,F,F,F,F,F,F,F,F,F,F,F,F,F,F,F,F,F,F,F,F,F,F,F,F,F,F,F,F,F,F,F,F,F,F,F,F,F,F,F,F,F,F,F,F,F,F,F,F,F,F,F,F,F,F,F,F,F,F,F,F,F,F,F,F,F,F,F,F,F,F,F,F,F,F,F,F,F,F,F,F,F,F,F,F,F,F,F,F,F,F,F,F,F,F,F,F,F,F,F,F,F,F,F,F,F,F,F,F,F,F,F,F,F,F,F,F,F
MOD17A2H.A2019105.h12v02.006.2019114053136.Gpp_500m,MOD17A2H,A2019105,Lat66.02328333Lon-137.2492667Samp13Line13,2019114053136,Gpp_500m,F,F,F,F,F,F,F,F,F,F,F,F,F,F,F,F,F,F,F,F,F,F,F,F,F,F,F,F,F,F,F,F,F,F,F,F,F,F,F,F,F,F,0.0001,F,F,F,F,F,F,F,F,F,F,F,F,F,F,F,F,F,F,F,F,F,F,F,F,F,F,F,F,F,F,F,F,F,F,F,F,F,F,F,F,F,F,F,F,F,F,F,F,F,F,F,F,F,F,F,F,F,F,F,F,F,F,F,F,F,F,F,F,F,F,F,F,F,F,F,F,F,F,F,F,F,F,F,F,F,F,F,F,F,F,F,F,F,F,F,F,F,F,F,F,F,F,F,F,F,F,F,F,F,F,F,F,F,F,F,F,F,F,F,F,F,F,F,F,F,F
MOD17A2H.A2019113.h12v02.006.2019122135042.Gpp_500m,MOD17A2H,A2019113,Lat66.02328333Lon-137.2492667Samp13Line13,2019122135042,Gpp_500m,F,F,F,F,F,F,F,F,F,F,F,F,F,F,F,F,F,F,F,F,F,F,F,F,F,F,F,F,F,F,F,F,F,F,F,F,F,F,F,F,F,F,F,F,F,F,F,F,F,F,F,F,F,F,F,F,F,F,F,F,F,F,F,F,F,F,F,F,F,F,F,F,F,F,F,F,F,F,F,F,F,F,F,F,F,F,F,F,F,F,F,F,F,F,F,F,F,F,F,F,F,F,F,F,F,F,F,F,F,F,F,F,F,F,F,F,F,F,F,F,F,F,F,F,F,F,F,F,F,F,F,F,F,F,F,F,F,F,F,F,F,F,F,F,F,F,F,F,F,F,F,F,F,F,F,F,F,F,F,F,F,F,F,F,F,F,F,F,F
MOD17A2H.A2019121.h12v02.006.2019130043610.Gpp_500m,MOD17A2H,A2019121,Lat66.02328333Lon-137.2492667Samp13Line13,2019130043610,Gpp_500m,F,F,0.0004,F,F,0.0004,0.0004,0.0004,0.0004,0.0004,F,F,F,F,F,F,F,F,0.0004,F,F,F,0.0004,0.0004,F,F,F,F,F,F,F,F,F,F,F,F,F,0.0004,F,F,F,F,F,F,F,F,F,F,F,F,F,F,F,F,F,F,F,F,F,F,F,F,F,F,F,F,F,F,0.0004,F,F,F,F,F,F,F,F,F,F,F,F,F,F,F,F,F,F,F,F,F,F,F,F,F,F,F,F,F,F,F,F,F,F,F,F,F,F,F,F,F,F,F,F,F,F,F,F,F,F,F,F,F,F,F,F,F,F,F,F,F,F,F,F,F,F,F,F,F,F,F,F,F,F,F,F,F,F,F,F,F,F,F,F,F,F,F,F,F,F,F,F,F,F,F,F,F,F,F,F
MOD17A2H.A2019129.h12v02.006.2019179155631.Gpp_500m,MOD17A2H,A2019129,Lat66.02328333Lon-137.2492667Samp13Line13,2019179155631,Gpp_500m,0.0123,0.0123,0.0128,0.0102,0.0115,0.0096,0.0095,0.0102,0.0102,0.0102,0.0096,0.0096,0.0102,0.0109,0.0102,0.0107,0.0126,0.0124,0.0102,0.0088,0.0088,0.0102,0.0115,0.0113,0.0115,0.0109,0.0102,0.0113,0.0102,0.0119,0.0102,0.0113,0.0109,0.0121,0.0115,0.0119,0.0109,0.0102,0.0095,0.0122,0.0115,0.0102,0.0113,0.0115,0.0119,0.0115,0.0107,0.0107,0.0102,0.0095,0.0095,0.0095,0.011,0.0119,0.0115,0.0113,0.0113,0.0113,0.0119,0.0113,0.0107,0.0102,0.0102,0.0101,0.0102,0.0115,0.0127,0.0121,0.0127,0.0115,0.0113,0.0109,0.0102,0.0102,0.0101,0.0101,0.0108,0.0114,0.0115,0.0102,0.0096,0.0087,0.0102,0.0096,0.012,0.0107,0.0107,0.0108,0.0111,0.0108,0.0106,0.0102,0.0087,0.0096,0.0101,0.0115,0.0115,0.0132,0.012,0.0111,0.0108,0.0108,0.0102,0.0102,0.0101,0.0096,0.0086,0.0091,0.0114,0.012,0.012,0.0114,0.0111,0.0111,0.0111,0.0102,0.0111,0.0086,0.0101,0.0102,0.0108,0.0102,0.0114,0.0129,0.0111,0.0108,0.0111,0.012,0.012,0.0115,0.0108,0.0102,0.0102,0.0106,0.012,0.0133,0.0135,0.0117,0.0111,0.0117,0.0115,0.0108,0.0117,0.0102,0.0111,0.012,0.0133,0.0111,0.0095,0.0111,0.0111,0.0102,0.0108,0.0115,0.0102,0.0108,0.0102,0.0102,0.0102,0.0095,0.0095,0.0105,0.0108,0.0115,0.0115,0.0102,0.0102,0.0111,0.0132
MOD17A2H.A2019137.h12v02.006.2019150095502.Gpp_500m,MOD17A2H,A2019137,Lat66.02328333Lon-137.2492667Samp13Line13,2019150095502,Gpp_500m,0.0278,0.0278,0.028,0.0266,0.023,0.0255,0.0244,0.0257,0.0282,0.0282,0.0259,0.0259,0.0261,0.0259,0.0251,0.0253,0.03,0.0298,0.0294,0.0252,0.0252,0.0261,0.0275,0.0276,0.0276,0.0258,0.0261,0.0255,0.0251,0.0262,0.0287,0.0291,0.0284,0.0277,0.0276,0.0278,0.0268,0.025,0.0234,0.0272,0.027,0.0261,0.027,0.0286,0.0277,0.0276,0.0258,0.0268,0.024,0.0233,0.0238,0.0233,0.0264,0.0277,0.0275,0.0275,0.027,0.027,0.0272,0.027,0.0252,0.025,0.025,0.0246,0.0234,0.0275,0.028,0.0282,0.0274,0.028,0.0276,0.0274,0.0256,0.025,0.0246,0.0234,0.0258,0.0265,0.028,0.025,0.0248,0.0236,0.023,0.0233,0.0256,0.0264,0.0263,0.0263,0.0265,0.0269,0.0242,0.0245,0.0226,0.022,0.0267,0.0271,0.0274,0.0277,0.0267,0.0275,0.0269,0.0268,0.0246,0.0234,0.024,0.0243,0.0242,0.0246,0.0271,0.0276,0.0277,0.0275,0.0275,0.0275,0.0275,0.0234,0.025,0.0242,0.0234,0.025,0.0258,0.0256,0.027,0.029,0.0287,0.0285,0.0271,0.0282,0.0282,0.028,0.0263,0.0261,0.0267,0.0268,0.0277,0.0293,0.0293,0.0287,0.028,0.028,0.028,0.0269,0.0271,0.0267,0.027,0.0282,0.0286,0.0256,0.0254,0.026,0.0271,0.0276,0.0269,0.0271,0.0252,0.0254,0.0271,0.0246,0.0246,0.025,0.0265,0.0269,0.0262,0.0264,0.0264,0.0266,0.0266,0.027,0.0276
MOD17A2H.A2019145.h12v02.006.2019154052233.Gpp_500m,MOD17A2H,A2019145,Lat66.02328333Lon-137.2492667Samp13Line13,2019154052233,Gpp_500m,0.029,0.0302,0.0302,0.0257,0.0263,0.0257,0.0257,0.0308,0.0159,0.017,0.0253,0.0237,0.0229,0.0218,0.0257,0.024,0.0288,0.0317,0.0295,0.019,0.0222,0.023,0.0271,0.0279,0.0243,0.0243,0.024,0.0244,0.0244,0.0267,0.0302,0.0302,0.0279,0.0271,0.0279,0.0257,0.0249,0.0238,0.0222,0.0276,0.024,0.0289,0.0302,0.0279,0.0276,0.0239,0.0237,0.0237,0.023,0.0222,0.0196,0.0062,0.0213,0.0239,0.0276,0.0237,0.0237,0.0239,0.0261,0.0238,0.0239,0.0146,0.0062,0.0159,0.0182,0.0276,0.0239,0.0249,0.0275,0.0275,0.0278,0.0278,0.0212,0.0133,0.0208,0.0173,0.0173,0.0207,0.0253,0.0237,0.0236,0.0217,0.0204,0.0212,0.0146,0.0204,0.023,0.0204,0.0204,0.0185,0.0218,0.0222,0.0217,0.0204,0.0208,0.0204,0.0261,0.0261,0.0272,0.0204,0.0244,0.0118,0.0178,0.0136,0.0226,0.02,0.0204,0.02,0.0226,0.0239,0.0239,0.0234,0.0118,0.015,0.0212,0.0222,0.0199,0.0212,0.0236,0.0234,0.0212,0.0155,0.0239,0.0168,0.0212,0.0212,0.0256,0.0212,0.0204,0.0224,0.0189,0.0102,0.0159,0.0182,0.0145,0.0199,0.0207,0.0207,0.0199,0.0199,0.0224,0.0231,0.0217,0.0159,0.0239,0.0178,0.0199,0.0181,0.0118,0.0222,0.0204,0.0217,0.0217,0.0217,0.0194,0.0172,0.0178,0.015,0.0165,0.0207,0.0207,0.0185,0.0212,0.0207,0.018,0.0301,0.0172,0.0136,0.0194
MOD17A2H.A2019153.h12v02.006.2019162054326.Gpp_500m,MOD17A2H,A2019153,Lat66.02328333Lon-137.2492667Samp13Line13,2019162054326,Gpp_500m,0.0376,0.035,0.036,0.0371,0.0362,0.0343,0.0343,0.0387,0.0403,0.0403,0.0403,0.0321,0.0317,0.0326,0.0326,0.0326,0.0412,0.0412,0.0444,0.0349,0.0371,0.0321,0.0348,0.0348,0.0347,0.0343,0.0338,0.0338,0.0321,0.0337,0.0381,0.0408,0.0387,0.0364,0.0347,0.0336,0.0336,0.0326,0.0317,0.0353,0.0376,0.0371,0.0326,0.0353,0.0336,0.0321,0.0306,0.0317,0.0317,0.0306,0.0306,0.0288,0.0316,0.0321,0.0343,0.0343,0.0321,0.0336,0.0336,0.0326,0.0336,0.0311,0.0294,0.0306,0.0311,0.0348,0.0326,0.0326,0.0347,0.0336,0.037,0.0347,0.0347,0.03,0.0306,0.0311,0.032,0.0326,0.0326,0.0347,0.0317,0.0317,0.0289,0.0294,0.03,0.0311,0.0311,0.0311,0.0311,0.0299,0.0293,0.0317,0.0317,0.0294,0.0294,0.032,0.032,0.0317,0.0311,0.0317,0.0299,0.0282,0.0282,0.0293,0.0294,0.03,0.0288,0.0288,0.0294,0.0311,0.0311,0.0317,0.0326,0.0326,0.032,0.0369,0.0277,0.0282,0.0288,0.0288,0.0277,0.0293,0.0293,0.0317,0.032,0.032,0.0288,0.0304,0.0293,0.0369,0.0282,0.0282,0.0293,0.0299,0.0317,0.032,0.0317,0.0317,0.031,0.0336,0.0336,0.0354,0.0379,0.0293,0.0299,0.0305,0.0305,0.0277,0.0288,0.031,0.0347,0.0347,0.0336,0.0336,0.033,0.033,0.0267,0.0267,0.0256,0.0266,0.0266,0.0343,0.0343,0.0343,0.0316,0.0316,0.0316,0.033,0.0316
MOD17A2H.A2019161.h12v02.006.2019170051310.Gpp_500m,MOD17A2H,A2019161,Lat66.02328333Lon-137.2492667Samp13Line13,2019170051310,Gpp_500m,0.0371,0.0349,0.0241,0.0386,0.0344,0.0272,F,F,F,F,0.0036,F,F,0.0301,0.0326,0.0344,0.0346,F,F,F,F,F,0.0145,0.0277,0.0376,0.0334,0.0291,F,F,F,F,F,F,F,0.0277,0.0262,0.0287,0.0329,0.0281,F,F,F,F,0.0145,0.0248,F,F,0.0186,0.0329,0.0276,F,F,F,F,0.0127,0.0248,F,F,0.0186,0.0037,F,F,F,0.0259,0.0259,0.0127,F,F,F,F,0.0037,F,F,F,0.0259,0.0259,0.0259,0.0259,0.0029,F,F,F,F,F,0.0259,0.0259,0.0259,0.0259,0.0259,0.0259,0.0321,F,F,F,0.0259,0.0259,0.0259,0.0259,0.0259,0.0259,0.0306,0.0314,0.0244,0.0245,0.0029,0.0259,0.0259,0.0253,0.0253,0.0253,0.0306,0.0306,0.0329,0.024,0.024,0.024,0.024,0.0244,0.0244,0.0244,0.0244,0.0314,0.0321,0.0258,0.0258,0.0258,0.0258,0.0263,0.0263,0.0258,0.0244,0.0287,0.0168,0.0253,0.0253,0.0263,0.0263,0.0263,0.0263,0.0263,0.0249,0.009,0.0249,0.0244,0.0244,0.0248,0.024,0.0113,0.0249,0.0249,0.024,0.024,0.024,0.024,F,0.0244,0.0253,0.0142,0.0061,0.024,0.024,0.024,0.0245,0.0244,0.0244,0.0244,F,0.0252,0.0074
MOD17A2H.A2019169.h12v02.006.2019178051143.Gpp_500m,MOD17A2H,A2019169,Lat66.02328333Lon-137.2492667Samp13Line13,2019178051143,Gpp_500m,0.0454,0.0454,0.0454,0.0441,0.046,0.0441,0.0515,0.0484,0.0484,0.0533,0.0508,0.0425,0.0428,0.0426,0.0441,0.0426,0.0636,0.0679,0.0652,0.0495,0.0509,0.0508,0.046,0.0448,0.0455,0.0448,0.0426,0.0426,0.0478,0.0509,0.0527,0.0564,0.0465,0.046,0.046,0.0441,0.0418,0.0401,0.0401,0.0465,0.0503,0.0448,0.0564,0.046,0.0455,0.0413,0.0382,0.0418,0.0401,0.0376,0.037,0.0465,0.0448,0.0448,0.0448,0.0428,0.0395,0.0418,0.0418,0.0418,0.0508,0.0488,0.0488,0.0418,0.0406,0.0435,0.0428,0.0406,0.0428,0.0435,0.0502,0.0502,0.0455,0.0488,0.0418,0.0395,0.0395,0.0412,0.0406,0.0412,0.0388,0.0376,0.0435,0.0455,0.0428,0.0428,0.0428,0.0428,0.0448,0.0394,0.0428,0.0465,0.0435,0.0428,0.0424,0.0424,0.0428,0.0428,0.0428,0.0448,0.0448,0.0428,0.0448,0.0448,0.0418,0.0412,0.0389,0.0389,0.0428,0.0428,0.0416,0.0442,0.0428,0.0376,0.0448,0.0448,0.0411,0.0406,0.04,0.0395,0.0348,0.0383,0.037,0.0428,0.0382,0.0388,0.0376,0.0406,0.0399,0.0399,0.0412,0.0416,0.0424,0.0383,0.0382,0.0382,0.0395,0.0388,0.0399,0.0399,0.0406,0.0411,0.0407,0.0424,0.0435,0.0435,0.0435,0.0428,0.0376,0.0353,0.0395,0.0399,0.0389,0.0399,0.0364,0.0375,0.0365,0.034,0.0442,0.0442,0.0395,0.0411,0.0416,0.0411,0.0399,0.0407,0.0417,0.0423,0.0423
MOD17A2H.A2019177.h12v02.006.2019186051614.Gpp_500m,MOD17A2H,A2019177,Lat66.02328333Lon-137.2492667Samp13Line13,2019186051614,Gpp_500m,0.047,0.047,0.0487,0.0465,0.0452,0.0452,0.0487,0.05,0.0521,0.0515,0.0434,0.0424,0.0413,0.0435,0.043,0.043,0.0615,0.0615,0.0615,0.0468,0.0466,0.0464,0.0424,0.0475,0.0467,0.0458,0.043,0.0458,0.0465,0.0493,0.0515,0.0532,0.0475,0.0468,0.0446,0.0446,0.0475,0.0439,0.0434,0.0448,0.0499,0.0468,0.042,0.0441,0.0441,0.0441,0.0464,0.0439,0.0433,0.0439,0.0439,0.0461,0.0429,0.0441,0.0441,0.0413,0.0441,0.0423,0.0431,0.0457,0.0434,0.0388,0.0451,0.0443,0.043,0.0441,0.0451,0.0467,0.0479,0.0446,0.0457,0.0457,0.043,0.0451,0.043,0.0432,0.0444,0.0376,0.044,0.0479,0.0457,0.0431,0.04,0.043,0.044,0.0432,0.0416,0.0399,0.0416,0.0371,0.0353,0.0451,0.0434,0.0388,0.043,0.043,0.043,0.0411,0.0376,0.0416,0.0428,0.0427,0.0376,0.0382,0.0388,0.0388,0.0423,0.0342,0.0411,0.0371,0.0376,0.0416,0.0427,0.041,0.0382,0.0359,0.0321,0.04,0.0342,0.0328,0.0321,0.0359,0.0416,0.0416,0.0382,0.0382,0.0375,0.0394,0.0213,0.0203,0.0342,0.0356,0.0359,0.0383,0.0405,0.037,0.0365,0.0404,0.0375,0.0375,0.0375,0.036,0.0375,0.0359,0.0405,0.0376,0.0359,0.0387,0.037,0.0375,0.036,0.036,0.036,0.036,0.0353,0.037,0.0365,0.0275,0.0275,0.035,0.0349,0.0342,0.0353,0.0342,0.0426,0.0426,0.0448,0.038,0.0364
MOD17A2H.A2019185.h12v02.006.2019194052959.Gpp_500m,MOD17A2H,A2019185,Lat66.02328333Lon-137.2492667Samp13Line13,2019194052959,Gpp_500m,0.0077,0.0556,0.0556,0.0419,0.0484,0.0124,0.0101,0.0454,0.0454,0.0105,0.0182,0.0069,0.0347,0.0484,0.0419,0.0484,0.0617,0.0617,0.0175,0.0093,0.0088,0.0182,0.0182,0.0205,0.0041,0.0093,0.0496,0.046,0.0093,0.0077,0.0093,0.0101,0.0295,0.04,0.04,0.0093,0.0093,0.017,0.0047,0.0077,0.0069,0.0088,0.0077,0.0077,0.0077,0.0399,0.0093,0.0093,F,F,0.0446,0.0275,0.0064,0.0088,0.0077,0.0093,0.0357,0.0357,0.0218,0.0299,F,0.0446,0.0463,0.0463,0.0275,0.0047,0.0093,0.0047,0.0263,0.0263,0.0299,F,F,0.0468,0.0467,0.0146,0.0268,0.0268,0.0276,0.0276,0.0263,0.0229,0.0258,0.0258,F,F,0.0245,0.0257,0.0257,0.0093,F,0.017,0.0181,0.0205,0.02,0.0387,0.0287,0.0287,0.0244,0.0303,0.0304,0.0303,0.0496,0.0496,0.0346,0.0263,0.0387,0.0356,0.0287,0.0292,0.0433,0.0304,0.0303,0.038,F,F,0.0443,0.0322,0.038,0.0257,0.0297,0.0297,0.038,0.0461,0.0257,0.0092,0.0303,0.0443,0.0453,0.0453,0.0345,0.0257,0.0297,0.0414,0.0252,0.0158,F,0.0344,0.0454,0.0478,0.0396,0.0354,0.0453,0.0373,0.0211,0.0252,0.0076,0.018,F,0.0425,0.0378,0.0309,0.0337,0.0343,0.0314,F,F,F,0.021,0.0291,0.0385,0.0354,0.0354,0.0362,0.0367,0.0453,0.0481,0.0494,0.0314
MOD17A2H.A2019193.h12v02.006.2019202045710.Gpp_500m,MOD17A2H,A2019193,Lat66.02328333Lon-137.2492667Samp13Line13,2019202045710,Gpp_500m,0.0295,0.0486,0.0494,0.0494,0.0545,0.0526,0.0526,0.0583,0.0596,0.05,0.0571,0.0398,0.0256,0.0384,0.048,0.0443,0.0639,0.0675,0.072,0.0563,0.05,0.0294,0.032,0.0551,0.0294,0.0327,0.0136,0.0443,0.0443,0.0583,0.0443,0.0493,0.0269,0.0269,0.0551,0.0551,0.0422,0.0269,0.0262,0.0462,0.0563,0.0468,0.0347,0.0551,0.0537,0.0435,0.0422,0.0422,0.0211,0.0262,0.0153,0.0492,0.0531,0.0571,0.0571,0.0462,0.0403,0.0403,0.0422,0.034,0.0409,0.0256,0.0474,0.0538,0.0538,0.0545,0.0551,0.0403,0.0493,0.0454,0.0531,0.0562,0.0415,0.0338,0.0538,0.0518,0.0518,0.051,0.0531,0.0537,0.0435,0.0409,0.0409,0.0269,0.0526,0.0526,0.0531,0.0486,0.051,0.0486,0.0497,0.0531,0.0505,0.0385,0.0385,0.055,0.0531,0.0473,0.0486,0.0467,0.0504,0.0497,0.0497,0.051,0.0504,0.048,0.0487,0.0487,0.0422,0.0422,0.048,0.048,0.0518,0.0497,0.0505,0.0505,0.0478,0.0504,0.0446,0.037,0.0486,0.0518,0.0524,0.0497,0.0504,0.0505,0.0497,0.0478,0.0478,0.0497,0.0467,0.0486,0.0435,0.0524,0.0497,0.0497,0.0497,0.0497,0.0485,0.0472,0.0466,0.0497,0.0491,0.048,0.0518,0.0485,0.0479,0.0497,0.0492,0.0492,0.0485,0.0466,0.0471,0.0471,0.0461,0.0463,0.046,0.0479,0.0479,0.0453,0.0446,0.0472,0.0421,0.0453,0.0478,0.0491,0.0505,0.0505,0.0509
MOD17A2H.A2019201.h12v02.006.2019210113405.Gpp_500m,MOD17A2H,A2019201,Lat66.02328333Lon-137.2492667Samp13Line13,2019210113405,Gpp_500m,0.0492,0.0492,0.0492,0.0467,0.0474,0.0486,0.0508,0.0515,0.0515,0.0479,0.0508,0.0461,0.0451,0.0457,0.0467,0.0467,0.0649,0.0632,0.0624,0.0515,0.0479,0.0486,0.0486,0.0474,0.0497,0.0475,0.0467,0.0474,0.0492,0.0462,0.0515,0.0515,0.0515,0.0497,0.0474,0.0486,0.0467,0.0454,0.0451,0.0446,0.0492,0.052,0.0451,0.0474,0.0497,0.0461,0.0451,0.0451,0.0454,0.0451,0.0438,0.0432,0.0422,0.0474,0.0474,0.0451,0.0455,0.0454,0.0474,0.0454,0.0454,0.0462,0.0438,0.0432,0.0444,0.0474,0.0439,0.0455,0.0461,0.0474,0.0497,0.0467,0.0486,0.0438,0.0466,0.0466,0.0438,0.0432,0.0433,0.0461,0.0438,0.0451,0.0415,0.0415,0.0432,0.0432,0.0432,0.0427,0.0438,0.0432,0.0415,0.0445,0.0427,0.0422,0.0415,0.0473,0.0462,0.0422,0.0427,0.0438,0.0426,0.0422,0.0422,0.0426,0.0422,0.0427,0.0415,0.0427,0.0427,0.0432,0.0432,0.0415,0.0422,0.0422,0.0422,0.0426,0.0408,0.0415,0.0427,0.0415,0.0408,0.0426,0.0426,0.0422,0.0426,0.0432,0.0421,0.0408,0.0415,0.0421,0.0409,0.0408,0.0408,0.0426,0.0422,0.0422,0.0432,0.0426,0.0421,0.0421,0.0408,0.0408,0.0427,0.0408,0.0426,0.0422,0.0415,0.0392,0.0426,0.0408,0.0385,0.0402,0.0402,0.0396,0.0408,0.0421,0.0415,0.0392,0.0392,0.0397,0.039,0.0402,0.0402,0.0402,0.0396,0.0414,0.0436,0.0414,0.0414
MOD17A2H.A2019209.h12v02.006.2019218073024.Gpp_500m,MOD17A2H,A2019209,Lat66.02328333Lon-137.2492667Samp13Line13,2019218073024,Gpp_500m,0.0369,0.039,0.0337,0.0033,0.0033,0.0033,0.0033,0.0033,F,F,F,F,F,0.0386,0.0324,0.0242,0.0037,0.0037,F,F,F,F,F,F,0.0357,0.0038,0.0242,F,F,F,F,0.0038,0.0038,F,0.0038,0.0357,0.0038,0.0352,0.0315,F,0.0038,0.0038,0.0033,0.0038,F,0.0038,0.0303,0.0327,0.0319,0.0315,0.0343,0.0281,0.0033,0.0033,0.0038,0.0038,0.0038,0.0038,0.0033,0.0319,0.0033,0.0033,0.0281,0.029,0.0324,0.0033,0.0033,0.0033,0.0033,0.0038,0.0033,0.0038,0.0256,0.0324,0.0363,0.0327,0.0363,0.0367,0.0033,0.0033,0.0033,0.0315,0.0267,0.0256,0.0376,0.0401,0.0327,0.0353,0.0363,0.0344,0.0348,0.0033,0.0339,0.0267,0.0347,0.0358,0.0334,0.0353,0.0347,0.0358,0.0344,0.0328,0.0339,0.0306,0.0033,0.0347,0.0327,0.0334,0.0335,0.0339,0.0358,0.0348,0.0358,0.0339,0.0367,0.0306,0.0077,0.0319,0.0319,0.0324,0.0319,0.0339,0.0328,0.0335,0.0376,0.0367,0.0296,F,0.0038,0.0096,0.0327,0.0326,0.0326,0.0339,0.0335,0.0348,0.0348,0.0296,0.0202,F,F,F,0.0077,0.0335,0.0339,0.0353,0.0344,0.0328,0.0358,0.0338,0.0182,F,0.0077,0.0077,0.0138,0.0138,0.0326,0.0315,0.0328,0.0328,0.0291,0.0182,0.0154,0.0038,F,0.0134,0.0134,0.0134,0.0105
MOD17A2H.A2019217.h12v02.006.2019226062437.Gpp_500m,MOD17A2H,A2019217,Lat66.02328333Lon-137.2492667Samp13Line13,2019226062437,Gpp_500m,0.0261,0.0227,0.0277,0.0264,0.0266,0.0259,0.0259,0.0282,0.0264,0.0256,0.0276,0.0275,0.0239,0.0251,0.0264,0.0253,0.0294,0.0308,0.0307,0.0264,0.0256,0.0256,0.0265,0.0265,0.0254,0.0254,0.025,0.0253,0.027,0.0276,0.0276,0.0282,0.0282,0.0259,0.0265,0.0254,0.0254,0.0254,0.0254,0.0265,0.025,0.0276,0.0276,0.0253,0.0259,0.0235,0.0235,0.0235,0.0232,0.0254,0.0232,0.0232,0.0232,0.0236,0.0246,0.0245,0.0245,0.0264,0.0268,0.0241,0.0212,0.0224,0.0224,0.0198,0.0198,0.0242,0.0235,0.0235,0.0258,0.0258,0.0267,0.0288,0.0221,0.0168,0.0187,0.0201,0.0218,0.0201,0.0232,0.0232,0.0232,0.0232,0.0214,0.0212,0.0186,0.0198,0.0198,0.0218,0.0231,0.0217,0.025,0.0235,0.0214,0.0214,0.0229,0.0224,0.0224,0.0221,0.0221,0.021,0.0238,0.0224,0.0198,0.0203,0.0221,0.0218,0.0218,0.0218,0.0218,0.0221,0.0244,0.028,0.0201,0.0181,0.0198,0.0221,0.0221,0.021,0.021,0.0218,0.0201,0.0214,0.0201,0.0207,0.0201,0.0201,0.0231,0.0239,0.0221,0.0223,0.0214,0.0198,0.0198,0.0244,0.0233,0.0233,0.0223,0.0247,0.0247,0.0223,0.0221,0.0222,0.0213,0.0214,0.0238,0.0233,0.0233,0.0226,0.0223,0.0221,0.0207,0.0221,0.0213,0.0191,0.018,0.018,0.0233,0.021,0.021,0.021,0.021,0.021,0.0213,0.0213,0.018,0.0214,0.0239,0.0238,0.0237
MOD17A2H.A2019225.h12v02.006.2019235045849.Gpp_500m,MOD17A2H,A2019225,Lat66.02328333Lon-137.2492667Samp13Line13,2019235045849,Gpp_500m,0.0057,0.0073,0.0073,0.007,0.0054,0.0058,0.0039,0.0039,F,F,F,F,F,0.0073,0.0054,0.0057,0.0057,0.0072,0.002,0.002,F,F,F,F,F,F,0.0048,0.0043,0.0033,0.002,F,F,F,F,F,F,F,F,F,0.0033,0.0041,F,F,F,F,F,F,F,F,0.002,F,F,0.0024,F,F,F,0.002,F,F,F,0.002,0.002,0.002,0.0048,0.0075,F,0.002,0.002,0.002,0.002,0.002,0.0033,0.0033,0.0039,0.0043,0.007,0.0073,0.0132,0.002,0.002,0.002,0.0033,0.0033,0.0033,0.0039,0.0043,0.0048,0.0068,0.0132,0.0144,0.0098,0.0033,0.0033,0.0039,0.0033,0.0039,0.0039,0.0039,0.0068,0.0068,0.0113,0.0113,0.0085,0.0127,0.0039,0.0033,0.0039,0.0039,0.0036,0.0068,0.0109,0.0098,0.0077,0.0075,0.0073,0.009,0.0155,0.0033,0.0032,0.0036,0.0039,0.0089,0.0109,0.0077,0.0095,0.0089,0.0111,0.0095,0.0149,0.0156,0.0036,0.0103,0.002,0.0111,0.0103,0.0111,0.0113,0.0111,0.0165,0.0039,0.017,0.0161,0.0104,0.0039,0.0111,0.0113,0.0095,0.0113,0.012,0.0036,0.0137,0.019,0.017,0.0089,0.0064,0.0032,0.0106,0.0017,0.009,0.0089,0.0095,0.0137,0.0134,0.0073,0.0089,0.0076,0.0076,0.0056,0.0041
MOD17A2H.A2019233.h12v02.006.2019248182713.Gpp_500m,MOD17A2H,A2019233,Lat66.02328333Lon-137.2492667Samp13Line13,2019248182713,Gpp_500m,0.0165,0.0169,0.0169,0.0164,0.016,0.0164,0.0153,0.0165,0.019,0.0197,0.0186,0.0153,0.0157,0.0169,0.0151,0.0151,0.0219,0.0193,0.0203,0.016,0.0159,0.0159,0.017,0.0167,0.0177,0.0177,0.0164,0.0203,0.0151,0.019,0.019,0.0186,0.017,0.017,0.0164,0.0161,0.0168,0.0169,0.015,0.0157,0.019,0.0164,0.0177,0.017,0.0161,0.0147,0.0168,0.0168,0.0159,0.015,0.015,0.0208,0.0147,0.0164,0.0164,0.0161,0.0149,0.0159,0.0168,0.0187,0.0176,0.0151,0.0178,0.0208,0.015,0.0167,0.0164,0.0149,0.0191,0.0191,0.0164,0.0158,0.0201,0.0141,0.0141,0.015,0.0151,0.0147,0.0161,0.0161,0.0161,0.0143,0.0137,0.0187,0.0139,0.015,0.0147,0.0147,0.0147,0.0146,0.0193,0.0151,0.0143,0.0143,0.0187,0.015,0.015,0.0151,0.0151,0.0146,0.0146,0.014,0.014,0.0173,0.015,0.0135,0.015,0.012,0.0146,0.0135,0.0135,0.0146,0.0175,0.0175,0.0173,0.014,0.0137,0.0108,0.012,0.012,0.0124,0.0137,0.0137,0.0148,0.0166,0.0151,0.0151,0.0156,0.0148,0.0148,0.0147,0.0146,0.0124,0.0151,0.016,0.0161,0.0152,0.0161,0.0156,0.0152,0.0148,0.014,0.014,0.0132,0.0151,0.016,0.0151,0.0152,0.0161,0.0125,0.0128,0.0122,0.0122,0.0136,0.0136,0.0141,0.0148,0.0151,0.0152,0.0152,0.0122,0.0126,0.0126,0.0126,0.0126,0.0126,0.0126,0.0128,0.014
MOD17A2H.A2019241.h12v02.006.2019250061017.Gpp_500m,MOD17A2H,A2019241,Lat66.02328333Lon-137.2492667Samp13Line13,2019250061017,Gpp_500m,0.006,0.0041,0.0066,0.0054,0.0041,0.005,0.005,0.005,0.0079,0.0077,0.0049,0.0067,0.0066,0.0041,0.0041,0.0054,0.0056,0.0072,0.0072,0.0054,0.0049,0.0067,0.0067,0.0073,0.0073,0.0067,0.0054,0.0066,0.0078,0.0073,0.0067,0.0077,0.0077,0.0081,0.0071,0.0061,0.0054,0.0015,0.0015,0.0078,0.0086,0.0067,0.0077,0.0071,0.0062,0.0041,0.0041,0.0061,0.0075,0.0035,0.0041,0.0085,0.0054,0.0077,0.0071,0.0067,0.0041,0.0071,0.0087,0.0075,0.0059,0.0041,0.0066,0.0073,0.0067,0.0073,0.0094,0.0071,0.0092,0.0079,0.007,0.0032,0.0056,0.0059,0.0041,0.0067,0.007,0.0067,0.0093,0.0078,0.0079,0.0041,0.0041,0.0056,0.0066,0.0066,0.0066,0.0067,0.0067,0.0067,0.007,0.0075,0.0066,0.0044,0.0027,0.0027,0.0066,0.0066,0.0067,0.0059,0.0051,0.0057,0.0067,0.0067,0.0059,0.0027,0.0016,0.004,0.0062,0.0067,0.0059,0.0068,0.0108,0.0067,0.0067,0.0066,0.0078,0.0016,0.0067,0.0075,0.0077,0.0051,0.0108,0.0077,0.0108,0.0081,0.0078,0.0093,0.0093,0.0084,0.0075,0.0077,0.0086,0.007,0.0051,0.0075,0.009,0.009,0.0081,0.009,0.009,0.0077,0.007,0.0073,0.0079,0.0079,0.007,0.0059,0.007,0.0078,0.0078,0.0072,0.0077,0.0075,0.0061,0.0072,0.0077,0.0066,0.0059,0.0066,0.0066,0.0067,0.0067,0.007,0.0072,0.0072,0.0072,0.0072,0.0077
MOD17A2H.A2019249.h12v02.006.2019262215731.Gpp_500m,MOD17A2H,A2019249,Lat66.02328333Lon-137.2492667Samp13Line13,2019262215731,Gpp_500m,0.0162,0.0171,0.0171,0.016,0.0136,0.0125,0.0151,0.0151,0.0154,0.014,0.014,0.0159,0.0119,0.0144,0.0136,0.0136,0.017,0.0155,0.0108,0.0119,0.0105,0.0133,0.0151,0.0172,0.0172,0.016,0.0102,0.0096,0.0105,0.0125,0.0119,0.0151,0.017,0.0172,0.0155,0.0134,0.0119,0.0125,0.0124,0.0117,0.0117,0.0119,0.0117,0.0117,0.0125,0.0118,0.0118,0.0118,0.0119,0.0125,0.0133,0.0151,0.0117,0.0117,0.0151,0.0117,0.0118,0.0118,0.0125,0.0169,0.0125,0.0125,0.0119,0.0125,0.0151,0.0163,0.0181,0.0151,0.0159,0.0125,0.0125,0.0133,0.0133,0.0133,0.0144,0.0137,0.0145,0.0159,0.014,0.0133,0.0133,0.0118,0.0125,0.0125,0.0173,0.0173,0.0168,0.0168,0.0145,0.0164,0.0168,0.0118,0.0118,0.0133,0.0125,0.0167,0.0167,0.0169,0.0168,0.0151,0.0154,0.0168,0.0159,0.0137,0.0133,0.0119,0.0163,0.0167,0.0168,0.0151,0.0151,0.0141,0.0161,0.0141,0.0119,0.0125,0.0109,0.0163,0.0176,0.0176,0.0125,0.0125,0.0141,0.0144,0.0141,0.0125,0.0118,0.0125,0.0125,0.0112,0.0125,0.0133,0.0119,0.0125,0.0144,0.0136,0.0136,0.0118,0.0118,0.0125,0.0118,0.0133,0.0133,0.0119,0.0119,0.0133,0.0133,0.0099,0.0118,0.0107,0.0107,0.0098,0.0118,0.0133,0.0112,0.0099,0.0118,0.0118,0.0097,0.0097,0.0078,0.0109,0.0098,0.0121,0.0103,0.0103,0.0103,0.0126,0.0136
MOD17A2H.A2019257.h12v02.006.2020008171316.Gpp_500m,MOD17A2H,A2019257,Lat66.02328333Lon-137.2492667Samp13Line13,2020008171316,Gpp_500m,0.0011,0.0012,0.0011,0.0012,0.0012,0.0012,0.0012,0.0012,0.0012,F,0.0012,0.0012,F,0.0011,0.0012,0.0012,0.0018,0.0012,0.0012,0.0012,0.0012,0.0011,0.0011,0.0011,0.0011,0.0011,0.0012,0.0012,0.0012,0.0012,0.0012,0.0012,0.0012,0.0011,0.0011,0.0011,0.0011,0.0011,0.0011,0.0012,0.0012,0.0012,F,F,0.0012,0.0011,0.0011,0.0011,0.0011,0.0012,0.0012,F,F,0.0012,F,F,0.0012,0.0011,0.0012,0.0012,0.0012,F,F,F,0.0012,0.0012,0.0012,0.0012,0.0012,F,0.0012,0.0012,0.0012,0.0011,F,0.0012,F,F,0.0012,0.0012,0.0012,0.0012,0.0038,F,0.0011,0.0011,F,0.0012,F,0.0012,F,0.0012,0.0011,F,F,0.0011,0.0011,0.0012,0.0012,0.0012,0.0012,0.0012,0.0011,0.0011,0.0011,F,0.0011,0.0012,0.0012,0.0011,0.0012,0.0012,0.0012,0.0012,0.0011,0.0011,0.0012,0.0012,0.0012,0.0012,0.0012,0.0011,0.0012,0.0012,0.0012,0.0012,0.0012,0.0012,0.0012,0.0012,0.0012,0.0011,0.0011,0.0011,0.0012,0.0012,0.0012,0.0012,0.0012,0.0012,0.0011,0.0012,0.0011,0.0012,0.0011,0.0012,0.0012,0.0011,0.0011,0.0011,0.0011,0.0011,0.0012,0.0011,0.0012,F,0.0012,0.0012,0.0011,0.0011,0.0011,0.0011,0.0011,0.0012,0.0012,0.0012,0.0012,0.0012,0.0012
MOD17A2H.A2019265.h12v02.006.2019275215144.Gpp_500m,MOD17A2H,A2019265,Lat66.02328333Lon-137.2492667Samp13Line13,2019275215144,Gpp_500m,0.0035,0.0037,0.0035,0.0029,0.0035,0.0028,0.0029,0.0024,0.0035,0.0035,0.0035,0.0035,0.0032,0.0035,0.0029,0.0029,0.0035,0.0025,0.0035,0.0024,0.0024,0.0035,0.0035,0.0041,0.0035,0.0035,0.0029,0.0035,0.0035,0.0035,0.0035,0.0035,0.0035,0.004,0.004,0.0035,0.0035,0.0035,0.0035,0.0035,0.0035,0.0035,0.0035,0.0035,0.0035,0.0035,0.0035,0.0035,0.0031,0.0035,0.0035,0.0035,0.0035,0.0031,0.0035,0.0035,0.0035,0.0031,0.0038,0.0038,0.0031,0.0035,0.0035,0.0035,0.0036,0.0038,0.0041,0.0035,0.0041,0.0038,0.0035,0.0035,0.0035,0.0027,0.0031,0.0029,0.0035,0.004,0.0035,0.0031,0.0029,0.0031,0.0027,0.0031,0.0038,0.0035,0.0038,0.0035,0.004,0.0035,0.0027,0.0035,0.0035,0.0035,0.0035,0.0038,0.0041,0.0041,0.004,0.0035,0.0035,0.0035,0.0031,0.0029,0.0035,0.0035,0.0035,0.0031,0.004,0.004,0.0035,0.0038,0.0038,0.0035,0.0035,0.0029,0.0035,0.0035,0.0031,0.0035,0.0035,0.0035,0.0032,0.0041,0.004,0.004,0.0029,0.0035,0.0036,0.0036,0.0031,0.0035,0.0031,0.0032,0.0041,0.0042,0.0038,0.0038,0.0036,0.0035,0.0036,0.0029,0.0034,0.0031,0.0032,0.0035,0.0029,0.0035,0.0032,0.0029,0.0029,0.0027,0.0029,0.0029,0.0029,0.0027,0.0035,0.0029,0.0029,0.0029,0.0031,0.0029,0.0035,0.0035,0.0031,0.0035,0.0035,0.003,0.0035
MOD17A2H.A2019273.h12v02.006.2019283074338.Gpp_500m,MOD17A2H,A2019273,Lat66.02328333Lon-137.2492667Samp13Line13,2019283074338,Gpp_500m,0.0006,F,0.0006,F,F,0.0006,F,F,0.0006,0.0006,0.0006,0.0006,0.0006,F,F,F,0.0006,0.0006,0.0006,0.0006,0.0006,0.0006,0.0006,0.0006,0.0006,0.0006,F,F,0.0006,0.0006,0.0006,0.0006,0.0006,0.0006,0.0006,0.0006,0.0006,0.0006,0.0006,0.0006,0.0006,0.0006,0.0006,0.0006,0.0006,0.0006,0.0006,0.0006,0.0006,0.0006,0.0006,0.0006,0.0006,0.0006,0.0006,0.0006,0.0006,0.0006,0.0006,0.0006,0.0006,0.0006,0.0006,0.0006,0.0006,0.0006,0.0006,0.0006,0.0006,0.0006,0.0006,0.0006,0.0006,0.0006,0.0006,0.0006,0.0006,0.0006,0.0006,0.0006,0.0006,0.0006,0.0006,0.0006,0.0006,0.0006,0.0006,0.0006,0.0006,0.0006,0.0006,0.0006,0.0006,0.0006,0.0006,0.0006,0.0006,0.0006,0.0006,0.0006,0.0006,0.0006,0.0019,F,0.0006,0.0006,0.0006,0.0006,0.0006,0.0006,0.0006,0.0006,0.0017,0.0023,0.0017,0.0006,0.0006,0.0006,0.0006,0.0006,0.0006,0.0006,0.0006,0.0021,0.0023,0.0006,0.0006,0.0006,0.0006,0.0006,0.0006,0.0006,0.0006,0.0017,0.0021,0.0017,0.0017,0.0017,0.0006,0.0006,0.0006,0.0006,0.0006,0.0006,0.0017,0.0022,0.0016,0.0015,0.0017,0.0006,0.0006,0.0006,0.0006,0.0006,0.0006,0.0006,0.0028,0.0006,0.0006,0.0006,0.0006,0.0006,0.0006,0.0006,0.0006,0.0006,0.0006,0.0006,0.0006
MOD17A2H.A2019281.h12v02.006.2019290052229.Gpp_500m,MOD17A2H,A2019281,Lat66.02328333Lon-137.2492667Samp13Line13,2019290052229,Gpp_500m,F,F,F,F,F,F,F,F,F,F,F,F,F,F,F,F,F,F,F,F,F,F,F,F,F,F,F,F,F,F,F,F,F,F,F,F,F,F,F,F,F,F,F,F,F,F,F,F,F,F,F,F,F,F,F,F,F,F,F,F,F,F,F,F,F,F,F,F,F,F,F,F,F,F,F,F,F,F,F,F,F,F,F,F,F,F,F,F,F,F,F,F,F,F,F,F,F,F,F,F,F,F,F,F,F,F,F,F,F,F,F,F,F,F,F,F,F,F,F,F,F,F,F,F,F,F,F,F,F,F,F,F,F,F,F,F,F,F,F,F,F,F,F,F,F,F,F,F,F,F,F,F,F,F,F,F,F,F,F,F,F,F,F,F,F,F,F,F,F
MOD17A2H.A2019289.h12v02.006.2019304185158.Gpp_500m,MOD17A2H,A2019289,Lat66.02328333Lon-137.2492667Samp13Line13,2019304185158,Gpp_500m,F,F,F,F,F,F,F,F,F,F,F,F,F,F,F,F,F,F,F,F,F,F,F,F,F,F,F,F,F,F,F,F,F,F,F,F,F,F,F,F,F,F,F,F,F,F,F,F,F,F,F,F,F,F,F,F,F,F,F,F,F,F,F,F,F,F,F,F,F,F,F,F,F,F,F,F,F,F,F,F,F,F,F,F,F,F,F,F,F,F,F,F,F,F,F,F,F,F,F,F,F,F,F,F,F,F,F,F,F,F,F,F,F,F,F,F,F,F,F,F,F,F,F,F,F,F,F,F,F,F,F,F,F,F,F,F,F,F,F,F,F,F,F,F,F,F,F,F,F,F,F,F,F,F,F,F,F,F,F,F,F,F,F,F,F,F,F,F,F
MOD17A2H.A2019297.h12v02.006.2019306055244.Gpp_500m,MOD17A2H,A2019297,Lat66.02328333Lon-137.2492667Samp13Line13,2019306055244,Gpp_500m,F,F,F,F,F,F,F,F,F,F,F,F,F,F,F,F,F,F,F,F,F,F,F,F,F,F,F,F,F,F,F,F,F,F,F,F,F,F,F,F,F,F,F,F,F,F,F,F,F,F,F,F,F,F,F,F,F,F,F,F,F,F,F,F,F,F,F,F,F,F,F,F,F,F,F,F,F,F,F,F,F,F,F,F,F,F,F,F,F,F,F,F,F,F,F,F,F,F,F,F,F,F,F,F,F,F,F,F,F,F,F,F,F,F,F,F,F,F,F,F,F,F,F,F,F,F,F,F,F,F,F,F,F,F,F,F,F,F,F,F,F,F,F,F,F,F,F,F,F,F,F,F,F,F,F,F,F,F,F,F,F,F,F,F,F,F,F,F,F
MOD17A2H.A2019305.h12v02.006.2019317045639.Gpp_500m,MOD17A2H,A2019305,Lat66.02328333Lon-137.2492667Samp13Line13,2019317045639,Gpp_500m,F,F,F,F,F,F,F,F,F,F,F,F,F,F,F,F,F,F,F,F,F,F,F,F,F,F,F,F,F,F,F,F,F,F,F,F,F,F,F,F,F,F,F,F,F,F,F,F,F,F,F,F,F,F,F,F,F,F,F,F,F,F,F,F,F,F,F,F,F,F,F,F,F,F,F,F,F,F,F,F,F,F,F,F,F,F,F,F,F,F,F,F,F,F,F,F,F,F,F,F,F,F,F,F,F,F,F,F,F,F,F,F,F,F,F,F,F,F,F,F,F,F,F,F,F,F,F,F,F,F,F,F,F,F,F,F,F,F,F,F,F,F,F,F,F,F,F,F,F,F,F,F,F,F,F,F,F,F,F,F,F,F,F,F,F,F,F,F,F
MOD17A2H.A2019313.h12v02.006.2019324155621.Gpp_500m,MOD17A2H,A2019313,Lat66.02328333Lon-137.2492667Samp13Line13,2019324155621,Gpp_500m,F,F,F,F,F,F,F,F,F,F,F,F,F,F,F,F,F,F,F,F,F,F,F,F,F,F,F,F,F,F,F,F,F,F,F,F,F,F,F,F,F,F,F,F,F,F,F,F,F,F,F,F,F,F,F,F,F,F,F,F,F,F,F,F,F,F,F,F,F,F,F,F,F,F,F,F,F,F,F,F,F,F,F,F,F,F,F,F,F,F,F,F,F,F,F,F,F,F,F,F,F,F,F,F,F,F,F,F,F,F,F,F,F,F,F,F,F,F,F,F,F,F,F,F,F,F,F,F,F,F,F,F,F,F,F,F,F,F,F,F,F,F,F,F,F,F,F,F,F,F,F,F,F,F,F,F,F,F,F,F,F,F,F,F,F,F,F,F,F
MOD17A2H.A2019321.h12v02.006.2019330054335.Gpp_500m,MOD17A2H,A2019321,Lat66.02328333Lon-137.2492667Samp13Line13,2019330054335,Gpp_500m,F,F,F,F,F,F,F,F,F,F,F,F,F,F,F,F,F,F,F,F,F,F,F,F,F,F,F,F,F,F,F,F,F,F,F,F,F,F,F,F,F,F,F,F,F,F,F,F,F,F,F,F,F,F,F,F,F,F,F,F,F,F,F,F,F,F,F,F,F,F,F,F,F,F,F,F,F,F,F,F,F,F,F,F,F,F,F,F,F,F,F,F,F,F,F,F,F,F,F,F,F,F,F,F,F,F,F,F,F,F,F,F,F,F,F,F,F,F,F,F,F,F,F,F,F,F,F,F,F,F,F,F,F,F,F,F,F,F,F,F,F,F,F,F,F,F,F,F,F,F,F,F,F,F,F,F,F,F,F,F,F,F,F,F,F,F,F,F,F
MOD17A2H.A2019329.h12v02.006.2019338072306.Gpp_500m,MOD17A2H,A2019329,Lat66.02328333Lon-137.2492667Samp13Line13,2019338072306,Gpp_500m,F,F,F,F,F,F,F,F,F,F,F,F,F,F,F,F,F,F,F,F,F,F,F,F,F,F,F,F,F,F,F,F,F,F,F,F,F,F,F,F,F,F,F,F,F,F,F,F,F,F,F,F,F,F,F,F,F,F,F,F,F,F,F,F,F,F,F,F,F,F,F,F,F,F,F,F,F,F,F,F,F,F,F,F,F,F,F,F,F,F,F,F,F,F,F,F,F,F,F,F,F,F,F,F,F,F,F,F,F,F,F,F,F,F,F,F,F,F,F,F,F,F,F,F,F,F,F,F,F,F,F,F,F,F,F,F,F,F,F,F,F,F,F,F,F,F,F,F,F,F,F,F,F,F,F,F,F,F,F,F,F,F,F,F,F,F,F,F,F
MOD17A2H.A2019337.h12v02.006.2019346051008.Gpp_500m,MOD17A2H,A2019337,Lat66.02328333Lon-137.2492667Samp13Line13,2019346051008,Gpp_500m,F,F,F,F,F,F,F,F,F,F,F,F,F,F,F,F,F,F,F,F,F,F,F,F,F,F,F,F,F,F,F,F,F,F,F,F,F,F,F,F,F,F,F,F,F,F,F,F,F,F,F,F,F,F,F,F,F,F,F,F,F,F,F,F,F,F,F,F,F,F,F,F,F,F,F,F,F,F,F,F,F,F,F,F,F,F,F,F,F,F,F,F,F,F,F,F,F,F,F,F,F,F,F,F,F,F,F,F,F,F,F,F,F,F,F,F,F,F,F,F,F,F,F,F,F,F,F,F,F,F,F,F,F,F,F,F,F,F,F,F,F,F,F,F,F,F,F,F,F,F,F,F,F,F,F,F,F,F,F,F,F,F,F,F,F,F,F,F,F
MOD17A2H.A2019345.h12v02.006.2019354191324.Gpp_500m,MOD17A2H,A2019345,Lat66.02328333Lon-137.2492667Samp13Line13,2019354191324,Gpp_500m,F,F,F,F,F,F,F,F,F,F,F,F,F,F,F,F,F,F,F,F,F,F,F,F,F,F,F,F,F,F,F,F,F,F,F,F,F,F,F,F,F,F,F,F,F,F,F,F,F,F,F,F,F,F,F,F,F,F,F,F,F,F,F,F,F,F,F,F,F,F,F,F,F,F,F,F,F,F,F,F,F,F,F,F,F,F,F,F,F,F,F,F,F,F,F,F,F,F,F,F,F,F,F,F,F,F,F,F,F,F,F,F,F,F,F,F,F,F,F,F,F,F,F,F,F,F,F,F,F,F,F,F,F,F,F,F,F,F,F,F,F,F,F,F,F,F,F,F,F,F,F,F,F,F,F,F,F,F,F,F,F,F,F,F,F,F,F,F,F
MOD17A2H.A2019353.h12v02.006.2019362050302.Gpp_500m,MOD17A2H,A2019353,Lat66.02328333Lon-137.2492667Samp13Line13,2019362050302,Gpp_500m,F,F,F,F,F,F,F,F,F,F,F,F,F,F,F,F,F,F,F,F,F,F,F,F,F,F,F,F,F,F,F,F,F,F,F,F,F,F,F,F,F,F,F,F,F,F,F,F,F,F,F,F,F,F,F,F,F,F,F,F,F,F,F,F,F,F,F,F,F,F,F,F,F,F,F,F,F,F,F,F,F,F,F,F,F,F,F,F,F,F,F,F,F,F,F,F,F,F,F,F,F,F,F,F,F,F,F,F,F,F,F,F,F,F,F,F,F,F,F,F,F,F,F,F,F,F,F,F,F,F,F,F,F,F,F,F,F,F,F,F,F,F,F,F,F,F,F,F,F,F,F,F,F,F,F,F,F,F,F,F,F,F,F,F,F,F,F,F,F
MOD17A2H.A2019361.h12v02.006.2020005033607.Gpp_500m,MOD17A2H,A2019361,Lat66.02328333Lon-137.2492667Samp13Line13,2020005033607,Gpp_500m,F,F,F,F,F,F,F,F,F,F,F,F,F,F,F,F,F,F,F,F,F,F,F,F,F,F,F,F,F,F,F,F,F,F,F,F,F,F,F,F,F,F,F,F,F,F,F,F,F,F,F,F,F,F,F,F,F,F,F,F,F,F,F,F,F,F,F,F,F,F,F,F,F,F,F,F,F,F,F,F,F,F,F,F,F,F,F,F,F,F,F,F,F,F,F,F,F,F,F,F,F,F,F,F,F,F,F,F,F,F,F,F,F,F,F,F,F,F,F,F,F,F,F,F,F,F,F,F,F,F,F,F,F,F,F,F,F,F,F,F,F,F,F,F,F,F,F,F,F,F,F,F,F,F,F,F,F,F,F,F,F,F,F,F,F,F,F,F,F
MOD17A2H.A2020001.h12v02.006.2020010231454.Gpp_500m,MOD17A2H,A2020001,Lat66.02328333Lon-137.2492667Samp13Line13,2020010231454,Gpp_500m,F,F,F,F,F,F,F,F,F,F,F,F,F,F,F,F,F,F,F,F,F,F,F,F,F,F,F,F,F,F,F,F,F,F,F,F,F,F,F,F,F,F,F,F,F,F,F,F,F,F,F,F,F,F,F,F,F,F,F,F,F,F,F,F,F,F,F,F,F,F,F,F,F,F,F,F,F,F,F,F,F,F,F,F,F,F,F,F,F,F,F,F,F,F,F,F,F,F,F,F,F,F,F,F,F,F,F,F,F,F,F,F,F,F,F,F,F,F,F,F,F,F,F,F,F,F,F,F,F,F,F,F,F,F,F,F,F,F,F,F,F,F,F,F,F,F,F,F,F,F,F,F,F,F,F,F,F,F,F,F,F,F,F,F,F,F,F,F,F
MOD17A2H.A2020009.h12v02.006.2020018051453.Gpp_500m,MOD17A2H,A2020009,Lat66.02328333Lon-137.2492667Samp13Line13,2020018051453,Gpp_500m,F,F,F,F,F,F,F,F,F,F,F,F,F,F,F,F,F,F,F,F,F,F,F,F,F,F,F,F,F,F,F,F,F,F,F,F,F,F,F,F,F,F,F,F,F,F,F,F,F,F,F,F,F,F,F,F,F,F,F,F,F,F,F,F,F,F,F,F,F,F,F,F,F,F,F,F,F,F,F,F,F,F,F,F,F,F,F,F,F,F,F,F,F,F,F,F,F,F,F,F,F,F,F,F,F,F,F,F,F,F,F,F,F,F,F,F,F,F,F,F,F,F,F,F,F,F,F,F,F,F,F,F,F,F,F,F,F,F,F,F,F,F,F,F,F,F,F,F,F,F,F,F,F,F,F,F,F,F,F,F,F,F,F,F,F,F,F,F,F
MOD17A2H.A2020017.h12v02.006.2020028003514.Gpp_500m,MOD17A2H,A2020017,Lat66.02328333Lon-137.2492667Samp13Line13,2020028003514,Gpp_500m,F,F,F,F,F,F,F,F,F,F,F,F,F,F,F,F,F,F,F,F,F,F,F,F,F,F,F,F,F,F,F,F,F,F,F,F,F,F,F,F,F,F,F,F,F,F,F,F,F,F,F,F,F,F,F,F,F,F,F,F,F,F,F,F,F,F,F,F,F,F,F,F,F,F,F,F,F,F,F,F,F,F,F,F,F,F,F,F,F,F,F,F,F,F,F,F,F,F,F,F,F,F,F,F,F,F,F,F,F,F,F,F,F,F,F,F,F,F,F,F,F,F,F,F,F,F,F,F,F,F,F,F,F,F,F,F,F,F,F,F,F,F,F,F,F,F,F,F,F,F,F,F,F,F,F,F,F,F,F,F,F,F,F,F,F,F,F,F,F
MOD17A2H.A2020025.h12v02.006.2020034203211.Gpp_500m,MOD17A2H,A2020025,Lat66.02328333Lon-137.2492667Samp13Line13,2020034203211,Gpp_500m,F,F,F,F,F,F,F,F,F,F,F,F,F,F,F,F,F,F,F,F,F,F,F,F,F,F,F,F,F,F,F,F,F,F,F,F,F,F,F,F,F,F,F,F,F,F,F,F,F,F,F,F,F,F,F,F,F,F,F,F,F,F,F,F,F,F,F,F,F,F,F,F,F,F,F,F,F,F,F,F,F,F,F,F,F,F,F,F,F,F,F,F,F,F,F,F,F,F,F,F,F,F,F,F,F,F,F,F,F,F,F,F,F,F,F,F,F,F,F,F,F,F,F,F,F,F,F,F,F,F,F,F,F,F,F,F,F,F,F,F,F,F,F,F,F,F,F,F,F,F,F,F,F,F,F,F,F,F,F,F,F,F,F,F,F,F,F,F,F
MOD17A2H.A2020033.h12v02.006.2020042193008.Gpp_500m,MOD17A2H,A2020033,Lat66.02328333Lon-137.2492667Samp13Line13,2020042193008,Gpp_500m,F,F,F,F,F,F,F,F,F,F,F,F,F,F,F,F,F,F,F,F,F,F,F,F,F,F,F,F,F,F,F,F,F,F,F,F,F,F,F,F,F,F,F,F,F,F,F,F,F,F,F,F,F,F,F,F,F,F,F,F,F,F,F,F,F,F,F,F,F,F,F,F,F,F,F,F,F,F,F,F,F,F,F,F,F,F,F,F,F,F,F,F,F,F,F,F,F,F,F,F,F,F,F,F,F,F,F,F,F,F,F,F,F,F,F,F,F,F,F,F,F,F,F,F,F,F,F,F,F,F,F,F,F,F,F,F,F,F,F,F,F,F,F,F,F,F,F,F,F,F,F,F,F,F,F,F,F,F,F,F,F,F,F,F,F,F,F,F,F
MOD17A2H.A2020041.h12v02.006.2020050074418.Gpp_500m,MOD17A2H,A2020041,Lat66.02328333Lon-137.2492667Samp13Line13,2020050074418,Gpp_500m,F,F,F,F,F,F,F,F,F,F,F,F,F,F,F,F,F,F,F,F,F,F,F,F,F,F,F,F,F,F,F,F,F,F,F,F,F,F,F,F,F,F,F,F,F,F,F,F,F,F,F,F,F,F,F,F,F,F,F,F,F,F,F,F,F,F,F,F,F,F,F,F,F,F,F,F,F,F,F,F,F,F,F,F,F,F,F,F,F,F,F,F,F,F,F,F,F,F,F,F,F,F,F,F,F,F,F,F,F,F,F,F,F,F,F,F,F,F,F,F,F,F,F,F,F,F,F,F,F,F,F,F,F,F,F,F,F,F,F,F,F,F,F,F,F,F,F,F,F,F,F,F,F,F,F,F,F,F,F,F,F,F,F,F,F,F,F,F,F
MOD17A2H.A2020049.h12v02.006.2020058061202.Gpp_500m,MOD17A2H,A2020049,Lat66.02328333Lon-137.2492667Samp13Line13,2020058061202,Gpp_500m,F,F,F,F,F,F,F,F,F,F,F,F,F,F,F,F,F,F,F,F,F,F,F,F,F,F,F,F,F,F,F,F,F,F,F,F,F,F,F,F,F,F,F,F,F,F,F,F,F,F,F,F,F,F,F,F,F,F,F,F,F,F,F,F,F,F,F,F,F,F,F,F,F,F,F,F,F,F,F,F,F,F,F,F,F,F,F,F,F,F,F,F,F,F,F,F,F,F,F,F,F,F,F,F,F,F,F,F,F,F,F,F,F,F,F,F,F,F,F,F,F,F,F,F,F,F,F,F,F,F,F,F,F,F,F,F,F,F,F,F,F,F,F,F,F,F,F,F,F,F,F,F,F,F,F,F,F,F,F,F,F,F,F,F,F,F,F,F,F
MOD17A2H.A2020057.h12v02.006.2020066060024.Gpp_500m,MOD17A2H,A2020057,Lat66.02328333Lon-137.2492667Samp13Line13,2020066060024,Gpp_500m,F,F,F,F,F,F,F,F,F,F,F,F,F,F,F,F,F,F,F,F,F,F,F,F,F,F,F,F,F,F,F,F,F,F,F,F,F,F,F,F,F,F,F,F,F,F,F,F,F,F,F,F,F,F,F,F,F,F,F,F,F,F,F,F,F,F,F,F,F,F,F,F,F,F,F,F,F,F,F,F,F,F,F,F,F,F,F,F,F,F,F,F,F,F,F,F,F,F,F,F,F,F,F,F,F,F,F,F,F,F,F,F,F,F,F,F,F,F,F,F,F,F,F,F,F,F,F,F,F,F,F,F,F,F,F,F,F,F,F,F,F,F,F,F,F,F,F,F,F,F,F,F,F,F,F,F,F,F,F,F,F,F,F,F,F,F,F,F,F
MOD17A2H.A2020065.h12v02.006.2020074044005.Gpp_500m,MOD17A2H,A2020065,Lat66.02328333Lon-137.2492667Samp13Line13,2020074044005,Gpp_500m,F,F,F,F,F,F,F,F,F,F,F,F,F,F,F,F,F,F,F,F,F,F,F,F,F,F,F,F,F,F,F,F,F,F,F,F,F,F,F,F,F,F,F,F,F,F,F,F,F,F,F,F,F,F,F,F,F,F,F,F,F,F,F,F,F,F,F,F,F,F,F,F,F,F,F,F,F,F,F,F,F,F,F,F,F,F,F,F,F,F,F,F,F,F,F,F,F,F,F,F,F,F,F,F,F,F,F,F,F,F,F,F,F,F,F,F,F,F,F,F,F,F,F,F,F,F,F,F,F,F,F,F,F,F,F,F,F,F,F,F,F,F,F,F,F,F,F,F,F,F,F,F,F,F,F,F,F,F,F,F,F,F,F,F,F,F,F,F,F
MOD17A2H.A2020073.h12v02.006.2020082073247.Gpp_500m,MOD17A2H,A2020073,Lat66.02328333Lon-137.2492667Samp13Line13,2020082073247,Gpp_500m,F,F,F,F,F,F,F,F,F,F,F,F,F,F,F,F,F,F,F,F,F,F,F,F,F,F,F,F,F,F,F,F,F,F,F,F,F,F,F,F,F,F,F,F,F,F,F,F,F,F,F,F,F,F,F,F,F,F,F,F,F,F,F,F,F,F,F,F,F,F,F,F,F,F,F,F,F,F,F,F,F,F,F,F,F,F,F,F,F,F,F,F,F,F,F,F,F,F,F,F,F,F,F,F,F,F,F,F,F,F,F,F,F,F,F,F,F,F,F,F,F,F,F,F,F,F,F,F,F,F,F,F,F,F,F,F,F,F,F,F,F,F,F,F,F,F,F,F,F,F,F,F,F,F,F,F,F,F,F,F,F,F,F,F,F,F,F,F,F
MOD17A2H.A2020081.h12v02.006.2020090211632.Gpp_500m,MOD17A2H,A2020081,Lat66.02328333Lon-137.2492667Samp13Line13,2020090211632,Gpp_500m,F,F,F,F,F,F,F,F,F,F,F,F,F,F,F,F,F,F,F,F,F,F,F,F,F,F,F,F,F,F,F,F,F,F,F,F,F,F,F,F,F,F,F,F,F,F,F,F,F,F,F,F,F,F,F,F,F,F,F,F,F,F,F,F,F,F,F,F,F,F,F,F,F,F,F,F,F,F,F,F,F,F,F,F,F,F,F,F,F,F,F,F,F,F,F,F,F,F,F,F,F,F,F,F,F,F,F,F,F,F,F,F,F,F,F,F,F,F,F,F,F,F,F,F,F,F,F,F,F,F,F,F,F,F,F,F,F,F,F,F,F,F,F,F,F,F,F,F,F,F,F,F,F,F,F,F,F,F,F,F,F,F,F,F,F,F,F,F,F
MOD17A2H.A2020089.h12v02.006.2020100163442.Gpp_500m,MOD17A2H,A2020089,Lat66.02328333Lon-137.2492667Samp13Line13,2020100163442,Gpp_500m,F,F,F,F,F,F,F,F,F,F,F,F,F,F,F,F,F,F,F,F,F,F,F,F,F,F,F,F,F,F,F,F,F,F,F,F,F,F,F,F,F,F,F,F,F,F,F,F,F,F,F,F,F,F,F,F,F,F,F,F,F,F,F,F,F,F,F,F,F,F,F,F,F,F,F,F,F,F,F,F,F,F,F,F,F,F,F,F,F,F,F,F,F,F,F,F,F,F,F,F,F,F,F,F,F,F,F,F,F,F,F,F,F,F,F,F,F,F,F,F,F,F,F,F,F,F,F,F,F,F,F,F,F,F,F,F,F,F,F,F,F,F,F,F,F,F,F,F,F,F,F,F,F,F,F,F,F,F,F,F,F,F,F,F,F,F,F,F,F
MOD17A2H.A2020097.h12v02.006.2020106055742.Gpp_500m,MOD17A2H,A2020097,Lat66.02328333Lon-137.2492667Samp13Line13,2020106055742,Gpp_500m,F,F,F,F,F,F,F,F,F,F,F,F,F,F,F,F,F,F,F,F,F,F,F,F,F,F,F,F,F,F,F,F,F,F,F,F,F,F,F,F,F,F,F,F,F,F,F,F,F,F,F,F,F,F,F,F,F,F,F,F,F,F,F,F,F,F,F,F,F,F,F,F,F,F,F,F,F,F,F,F,F,F,F,F,F,F,F,F,F,F,F,F,F,F,F,F,F,F,F,F,F,F,F,F,F,F,F,F,F,F,F,F,F,F,F,F,F,F,F,F,F,F,F,F,F,F,F,F,F,F,F,F,F,F,F,F,F,F,F,F,F,F,F,F,F,F,F,F,F,F,F,F,F,F,F,F,F,F,F,F,F,F,F,F,F,F,F,F,F
MOD17A2H.A2020105.h12v02.006.2020114054441.Gpp_500m,MOD17A2H,A2020105,Lat66.02328333Lon-137.2492667Samp13Line13,2020114054441,Gpp_500m,F,F,F,F,F,F,F,F,F,F,F,F,F,F,F,F,F,F,F,F,F,F,F,F,F,F,F,F,F,F,F,F,F,F,F,F,F,F,F,F,F,F,F,F,F,F,F,F,F,F,F,F,F,F,F,F,F,F,F,F,F,F,F,F,F,F,F,F,F,F,F,F,F,F,F,F,F,F,F,F,F,F,F,F,F,F,F,F,F,F,F,F,F,F,F,F,F,F,F,F,F,F,F,F,F,F,F,F,F,F,F,F,F,F,F,F,F,F,F,F,F,F,F,F,F,F,F,F,F,F,F,F,F,F,F,F,F,F,F,F,F,F,F,F,F,F,F,F,F,F,F,F,F,F,F,F,F,F,F,F,F,F,F,F,F,F,F,F,F
MOD17A2H.A2020113.h12v02.006.2020122061453.Gpp_500m,MOD17A2H,A2020113,Lat66.02328333Lon-137.2492667Samp13Line13,2020122061453,Gpp_500m,F,F,F,F,F,F,F,F,F,0,F,F,F,F,F,F,F,0,F,F,0,F,F,F,F,F,F,F,F,F,F,F,F,F,F,F,F,F,F,F,F,F,F,F,F,F,F,F,F,F,F,F,F,F,F,F,F,F,F,F,F,F,F,F,F,F,F,F,F,F,F,F,F,F,F,F,F,F,F,F,F,F,F,F,F,F,F,F,F,F,F,F,F,F,F,F,F,F,F,F,F,F,F,F,F,F,F,F,F,F,F,F,F,F,F,F,F,F,F,F,F,F,F,F,F,F,F,F,F,F,F,F,F,F,F,F,F,F,F,F,F,F,F,F,F,F,F,F,F,F,F,F,F,F,F,F,F,F,F,F,F,F,F,F,F,F,F,F,F
MOD17A2H.A2020121.h12v02.006.2020130061212.Gpp_500m,MOD17A2H,A2020121,Lat66.02328333Lon-137.2492667Samp13Line13,2020130061212,Gpp_500m,F,F,F,F,F,F,F,F,F,F,F,F,F,F,F,F,F,F,F,F,F,F,F,F,F,F,F,F,F,F,F,F,F,F,F,F,F,F,F,F,F,F,F,F,F,F,F,F,F,F,F,F,F,F,F,F,F,F,F,F,F,F,F,F,F,F,F,F,F,F,F,F,F,F,F,F,F,F,F,F,F,F,F,F,F,F,F,F,F,F,F,F,F,F,F,F,F,F,F,F,F,F,F,F,F,F,F,F,F,F,F,F,F,F,F,F,F,F,F,F,F,F,F,F,F,F,F,F,F,F,F,F,F,F,F,F,F,F,F,F,F,F,F,F,F,F,F,F,F,F,F,F,F,F,F,F,F,F,F,F,F,F,F,F,F,F,F,F,F
MOD17A2H.A2020129.h12v02.006.2020139064430.Gpp_500m,MOD17A2H,A2020129,Lat66.02328333Lon-137.2492667Samp13Line13,2020139064430,Gpp_500m,0.0078,0.0078,0.0078,0.0072,0.0055,0.0078,0.0085,0.0074,0.0064,0.0084,0.0078,0.0078,0.0036,0.0067,0.0072,0.0055,0.0046,0.0051,0.0069,0.0055,0.0045,0.0054,0.0078,0.0078,0.0078,0.0054,0.0055,0.0055,0.0078,0.0078,0.0055,0.0078,0.0082,0.0084,0.0078,0.0078,0.008,0.0033,0.0014,0.0081,0.0078,0.0078,0.0074,0.0078,0.0084,0.0078,0.0053,0.0041,0.0056,0.005,0.0014,0.0017,0.0074,0.008,0.0078,0.0078,0.0078,0.0078,0.0089,0.008,0.005,0.0033,0.0014,F,0.0017,0.0078,0.0078,0.009,0.0082,0.0096,0.008,0.008,0.0029,0.0029,0.0029,0.0017,0.0029,0.0036,0.005,0.0082,0.0072,0.0033,0.0017,0.0029,0.0036,0.0036,0.0029,0.0026,0.0029,0.0054,0.0031,0.0044,0.0044,0.0017,0.0017,F,0.0054,0.0072,0.0047,0.0029,0.0054,0.0031,F,0.0014,0.0017,F,0.0014,0.0026,0.0036,0.0047,0.0047,0.0056,0.0079,0.0067,0.0026,0.0014,0.0026,0.0017,0.0017,0.0029,0.0028,0.0032,0.0034,0.0076,0.0067,0.0044,0.0034,0.0029,0.0029,0.0056,0.0028,0.0028,0.0034,0.0056,0.0076,0.0079,0.0092,0.0056,0.0056,0.0029,0.0026,F,0.0029,0.0056,0.0056,0.0079,0.0079,0.0034,0.0014,0.0056,0.0029,0.0028,0.0026,0.0029,0.0029,0.0034,0.006,0.0026,0.0016,0.0029,0.0034,0.0026,0.0034,0.0039,0.0026,0.0029,0.0052,0.0026,0.0063
MOD17A2H.A2020137.h12v02.006.2020146042715.Gpp_500m,MOD17A2H,A2020137,Lat66.02328333Lon-137.2492667Samp13Line13,2020146042715,Gpp_500m,0.0085,0.009,0.0085,0.0086,0.0076,0.0076,0.0076,0.0086,0.0086,0.0073,0.0068,0.0081,0.0081,0.0085,0.0081,0.0081,0.0095,0.0099,0.0078,0.0073,0.0086,0.0082,0.0081,0.0086,0.0086,0.0086,0.0076,0.0076,0.0076,0.0086,0.0086,0.0086,0.0105,0.0095,0.0088,0.0086,0.0086,0.0081,0.0071,0.0088,0.0088,0.0086,0.009,0.009,0.0088,0.0086,0.0081,0.0075,0.0075,0.0075,0.0074,0.0077,0.0082,0.0086,0.0088,0.0088,0.0086,0.0081,0.0084,0.0088,0.0088,0.0074,0.008,0.0069,0.0069,0.0088,0.0086,0.0088,0.0086,0.0086,0.0104,0.0084,0.008,0.0074,0.0071,0.0071,0.0071,0.0088,0.0088,0.0081,0.0071,0.0081,0.0068,0.008,0.0088,0.0088,0.0093,0.0078,0.0081,0.0085,0.0078,0.0071,0.0065,0.0068,0.008,0.0079,0.0093,0.0093,0.009,0.0085,0.0087,0.008,0.0078,0.0067,0.0068,0.0065,0.0079,0.0081,0.0093,0.0088,0.0085,0.0087,0.0087,0.0085,0.0071,0.0071,0.0082,0.0069,0.0069,0.0077,0.0083,0.009,0.0087,0.0087,0.0087,0.0073,0.0071,0.0085,0.009,0.009,0.0077,0.0078,0.009,0.0087,0.0105,0.0093,0.0095,0.009,0.0085,0.0087,0.009,0.0082,0.008,0.0073,0.0078,0.009,0.0093,0.0083,0.0069,0.0078,0.0085,0.0082,0.0071,0.0076,0.008,0.0071,0.0085,0.0078,0.0069,0.0067,0.0078,0.0082,0.0073,0.0076,0.0082,0.0082,0.0087,0.0082,0.0109
MOD17A2H.A2020145.h12v02.006.2020154061345.Gpp_500m,MOD17A2H,A2020145,Lat66.02328333Lon-137.2492667Samp13Line13,2020154061345,Gpp_500m,0.0283,0.0283,0.0283,0.0283,0.0248,0.0265,0.0265,0.0289,0.0271,0.0271,0.0254,0.0247,0.0271,0.0289,0.0265,0.0265,0.0329,0.0297,0.0321,0.0259,0.0254,0.0264,0.0271,0.0289,0.0289,0.0275,0.0265,0.0278,0.0259,0.0271,0.0282,0.0282,0.0297,0.0296,0.0306,0.0289,0.0241,0.0218,0.0212,0.0282,0.0282,0.0271,0.0276,0.0289,0.0296,0.0276,0.0276,0.0275,0.0218,0.0235,0.0225,0.0224,0.0289,0.0276,0.0289,0.0289,0.0271,0.0295,0.0275,0.0275,0.0254,0.0235,0.023,0.0235,0.0247,0.0289,0.0289,0.0289,0.0295,0.0295,0.0295,0.0258,0.0235,0.0247,0.0247,0.0254,0.0254,0.0264,0.0276,0.0275,0.0264,0.0241,0.0271,0.023,0.0247,0.0264,0.0264,0.0254,0.0247,0.0247,0.0276,0.0258,0.0241,0.0271,0.0271,0.0289,0.0288,0.0271,0.027,0.0264,0.0276,0.0276,0.0265,0.0258,0.0271,0.0271,0.0271,0.0288,0.0271,0.027,0.0282,0.027,0.0282,0.0265,0.0253,0.0258,0.0258,0.0271,0.0271,0.0258,0.027,0.0247,0.027,0.0282,0.0276,0.0276,0.027,0.027,0.0263,0.0241,0.0258,0.0264,0.027,0.0264,0.0282,0.0276,0.027,0.027,0.027,0.027,0.0258,0.0263,0.0258,0.0253,0.0276,0.0276,0.0258,0.0246,0.023,0.0224,0.0241,0.0241,0.0263,0.0258,0.0241,0.0241,0.0246,0.0258,0.023,0.0241,0.0258,0.0258,0.0241,0.0245,0.0245,0.0263,0.0245,0.0234,0.0263
MOD17A2H.A2020153.h12v02.006.2020162063054.Gpp_500m,MOD17A2H,A2020153,Lat66.02328333Lon-137.2492667Samp13Line13,2020162063054,Gpp_500m,0.025,0.0228,0.0246,0.0246,0.023,0.0092,0.0246,0.025,0.0353,0.028,0.029,0.0261,0.0265,0.0237,0.0284,0.023,0.025,0.0316,0.0365,0.0353,0.029,0.03,0.03,0.0285,0.03,0.0194,0.0274,0.0274,0.0338,0.03,0.0342,0.0342,0.0309,0.03,0.0308,0.0285,0.0261,0.0304,0.0279,0.0338,0.0309,0.0304,0.0294,0.0309,0.0308,0.0295,0.0279,0.0315,0.0316,0.0279,0.0228,0.0143,0.0266,0.029,0.0309,0.0308,0.029,0.0279,0.0271,0.0316,0.03,0.0228,0.0198,0.0237,0.0194,0.0304,0.0285,0.0305,0.0275,0.0232,0.03,0.0261,0.0261,0.0242,0.0237,0.0237,0.0237,0.0275,0.0198,0.0275,0.0276,0.0257,0.0228,0.0247,0.0242,0.0265,0.0265,0.0291,0.0315,0.0232,0.0218,0.0265,0.0251,0.0228,0.0247,0.0265,0.0271,0.0271,0.0295,0.0315,0.0292,0.0292,0.0277,0.0164,0.0237,0.0237,0.0222,0.0228,0.0271,0.0218,0.0275,0.0292,0.0292,0.0277,0.0232,0.0198,0.0198,0.0247,0.0228,0.0143,0.0169,0.0266,0.028,0.0292,0.0247,0.0217,0.0217,0.0204,0.0204,0.0217,0.0218,0.0222,0.0242,0.0265,0.028,0.0265,0.0253,0.0213,0.0238,0.0242,0.0232,0.0232,0.021,0.0242,0.0265,0.0253,0.0253,0.0253,0.0242,0.0232,0.0232,0.0232,0.0232,0.0238,0.0238,0.0234,0.0253,0.0253,0.0217,0.0213,0.0217,0.0232,0.0232,0.0232,0.0247,0.0266,0.0255,0.017,0.016
MOD17A2H.A2020161.h12v02.006.2020170070216.Gpp_500m,MOD17A2H,A2020161,Lat66.02328333Lon-137.2492667Samp13Line13,2020170070216,Gpp_500m,0.0426,0.0427,0.0395,0.0469,0.0427,0.0395,0.042,0.0486,0.0493,0.0506,0.0463,0.0395,0.0439,0.0427,0.0389,0.0389,0.0512,0.0528,0.0569,0.042,0.0421,0.0463,0.0421,0.0456,0.0427,0.0402,0.0401,0.0395,0.0395,0.0389,0.0493,0.0469,0.0463,0.0451,0.0432,0.0414,0.0396,0.0402,0.0371,0.0457,0.0427,0.0427,0.0431,0.0407,0.0428,0.0381,0.0396,0.0396,0.0396,0.0359,0.0353,0.0353,0.0427,0.0395,0.0407,0.0431,0.0381,0.0438,0.0402,0.0414,0.045,0.0353,0.0359,0.0389,0.0377,0.0431,0.0381,0.0402,0.0438,0.0438,0.0414,0.045,0.0388,0.0353,0.0389,0.0377,0.0377,0.0371,0.0402,0.0396,0.0382,0.0371,0.0328,0.0353,0.0389,0.0388,0.0364,0.0464,0.0376,0.0359,0.0351,0.0371,0.0371,0.0328,0.0359,0.0389,0.0388,0.0364,0.0464,0.0376,0.037,0.0351,0.0347,0.0365,0.0346,0.0353,0.0335,0.0335,0.0352,0.0364,0.037,0.037,0.0364,0.0377,0.0358,0.0365,0.0341,0.0359,0.0364,0.0335,0.0359,0.0359,0.0359,0.037,0.0377,0.0382,0.037,0.0395,0.0365,0.0365,0.0341,0.0335,0.0347,0.0364,0.037,0.0377,0.037,0.0377,0.0395,0.0359,0.0347,0.0434,0.0366,0.0351,0.0364,0.037,0.0358,0.0365,0.0377,0.0358,0.0365,0.0359,0.0352,0.0334,0.034,0.0358,0.0335,0.0335,0.0342,0.0328,0.0341,0.034,0.0359,0.034,0.0334,0.0359,0.037,0.0352,0.0358
MOD17A2H.A2020169.h12v02.006.2020178055650.Gpp_500m,MOD17A2H,A2020169,Lat66.02328333Lon-137.2492667Samp13Line13,2020178055650,Gpp_500m,F,F,0.0032,F,0.0061,0.0093,0.0118,0.0135,0.019,0.0225,0.0061,0.0061,0.0154,0.0032,0.0077,0.0118,0.0161,0.0161,0.0194,0.0144,0.0225,0.0112,0.0097,0.0032,F,0.017,0.0112,0.0144,0.0171,0.0139,0.0149,0.0132,0.0112,0.0097,0.0061,F,F,0.0175,F,0.0118,0.0139,0.0152,0.0102,0.0112,0.0093,0.0032,F,F,F,0.017,F,F,0.0086,0.0074,0.0093,0.0086,0.0077,F,F,F,F,F,F,F,F,0.0077,0.0059,0.0077,0.005,F,F,F,F,F,F,F,F,F,0.0061,F,F,F,F,F,F,F,F,F,F,F,F,F,F,F,F,F,F,F,F,F,F,F,F,F,F,F,F,F,F,F,F,F,F,F,F,F,F,F,F,F,F,F,F,F,F,F,F,F,F,F,F,F,F,F,F,F,F,F,F,F,F,F,F,F,F,F,F,F,F,F,F,F,F,F,F,0.0057,F,F,F,F,F,F,F,F,F,F,0.0057,0.0057,0.0144
MOD17A2H.A2020177.h12v02.006.2020188062043.Gpp_500m,MOD17A2H,A2020177,Lat66.02328333Lon-137.2492667Samp13Line13,2020188062043,Gpp_500m,0.0319,0.0327,0.0301,0.0301,0.0236,0.0251,0.0281,0.0282,0.0278,0.0194,0.0389,0.0343,0.0408,0.0272,0.0236,F,0.0205,0.0304,0.037,0.0289,0.0398,0.0346,0.0346,0.0369,0.0408,0.0365,0.0172,0.0237,0.0293,0.0407,0.0407,0.0355,0.0381,0.0368,0.0359,0.0343,0.0343,0.0334,0.0355,0.0237,0.0384,0.0381,0.0298,0.0311,0.0337,0.0334,0.0346,0.0346,0.0373,0.036,0.0325,0.0304,0.0311,0.0262,0.0298,0.0359,0.0346,0.0365,0.0346,0.0355,0.0365,0.0325,0.0287,0.0304,0.0322,0.0286,0.0328,0.0329,0.0365,0.0369,0.0365,0.0335,0.0278,0.0278,0.0296,0.0317,0.0301,0.0322,0.0346,0.0351,0.0322,0.0312,0.0335,0.0304,0.0296,0.0313,0.0283,0.0283,0.0305,0.0305,0.0309,0.0329,0.0316,0.0296,0.0243,0.0243,0.0313,0.0283,0.0283,0.0287,0.0279,0.0279,0.0297,0.0319,0.0287,0.0212,0.0212,0.0201,0.0209,0.0331,0.0287,0.0287,0.0287,0.0271,0.0306,0.0264,0.0264,F,0.0174,0.0212,0.0331,0.0335,0.0287,0.0287,0.0271,0.0297,0.0274,0.0309,0.0336,0.0309,0.0174,0.0317,0.0322,0.0253,0.0239,0.0245,0.0245,0.0245,0.0272,0.0341,0.0309,0.0272,0.0311,0.0293,0.0253,0.0227,0.023,0.0192,0.0196,0.0254,0.0314,0.0264,0.0264,0.0289,0.0265,0.0266,0.0148,0.0118,0.0192,0.0196,0.0314,0.0314,0.0239,0.0272,0.0289,0.0293,0.0228,0.0232,0.0232
MOD17A2H.A2020185.h12v02.006.2020197062732.Gpp_500m,MOD17A2H,A2020185,Lat66.02328333Lon-137.2492667Samp13Line13,2020197062732,Gpp_500m,0.0123,0.0034,0.0086,0.0028,0.0241,0.0028,0.0158,0.0124,0.0158,F,0.0261,0.0192,0.0192,0.0081,0.0081,0.0028,0.0173,0.0184,0.0163,F,F,0.0308,0.0214,0.006,F,F,0.0291,0.0291,0.0266,0.0266,0.0124,0.0034,F,F,F,F,F,0.02,0.02,0.0299,0.0256,0.0256,0.0256,F,F,0.0107,F,0.008,0.008,0.0158,0.0158,0.0192,0.0261,0.0107,0.0128,0.0098,0.0128,0.0048,0.0041,0.0291,0.029,0.0124,0.0192,0.0163,0.0064,0.0176,0.0086,0.0086,0.0056,0.0038,0.0148,0.006,0.0154,0.0154,0.0163,0.0124,0.0124,F,0.0034,0.0174,0.0308,0.0034,0.0181,0.0184,0.0128,0.0077,0.0064,0.0124,0.0034,0.0167,0.008,0.0287,0.0286,0.0187,0.0098,0.0098,0.0056,0.0069,0.0085,F,0.0102,0.0069,0.0127,0.0127,0.0187,0.0141,0.0051,0.0056,0.0056,0.0072,0.0072,0.0192,0.0069,0.0034,F,F,F,0.0051,0.0072,0.006,0.006,0.0315,0.0064,0.0064,0.012,0.012,0.0119,F,0.0055,0.0354,F,0.0028,0.0064,0.0064,0.0064,0.012,0.0114,0.0154,0.0154,0.0064,0.0195,0.0217,0.0269,F,0.0072,0.0072,0.0085,0.0145,0.0172,0.0069,0.0069,0.0173,0.0322,0.0322,0.023,0.0132,0.0034,0.0124,0.0204,0.0158,0.0158,0.0148,0.0191,0.0268,0.0224,0.0127,0.017,0.0199,0.0284
MOD17A2H.A2020193.h12v02.006.2020202094219.Gpp_500m,MOD17A2H,A2020193,Lat66.02328333Lon-137.2492667Samp13Line13,2020202094219,Gpp_500m,0.0391,0.0382,0.0401,0.0366,0.0356,0.0353,0.0362,0.0381,0.0405,0.0436,0.0331,0.0331,0.0283,0.0362,0.0397,0.0377,0.05,0.0474,0.0473,0.0377,0.0381,0.0299,0.0307,0.0283,0.0317,0.0272,0.0411,0.0342,0.0353,0.0391,0.0391,0.0467,0.0416,0.0416,0.0376,0.0317,0.0301,0.0263,0.043,0.0416,0.0416,0.0362,0.0467,0.0416,0.0416,0.0376,0.0336,0.0312,0.0422,0.0392,0.0395,0.0377,0.0362,0.0373,0.0352,0.0403,0.0365,0.0223,0.0331,0.0386,0.0424,0.0379,0.0365,0.037,0.0379,0.0396,0.0381,0.0262,0.0321,0.0262,0.035,0.0402,0.0402,0.035,0.037,0.0361,0.0144,0.0395,0.0298,0.0297,0.0327,0.0392,0.0209,0.0242,0.0405,0.0332,0.0232,0.0391,0.0139,0.0395,0.035,0.0357,0.0153,0.0297,0.0217,0.0405,0.0306,0.0232,0.0148,0.0331,0.0266,0.0197,F,0.0252,0.0336,0.0297,0.0287,0.0252,0.0202,0.029,0.0283,0.0315,0.0217,0.0232,0.0346,0.0389,0.0138,0.037,0.032,0.0129,0.0198,0.0197,0.0209,0.0188,0.0188,F,0.0389,0.0196,0.0193,0.0296,0.0238,0.0238,0.0262,0.0209,0.0357,0.0386,0.0217,0.0239,0.0282,0.0223,0.0238,0.0152,0.0326,0.0262,0.0366,0.0315,0.0275,0.0242,0.0275,0.0321,0.0321,0.0238,0.0099,0.0099,0.0197,0.043,0.0335,0.0193,0.0242,0.0188,0.0129,0.0208,0.0252,0.0099,0.0296,0.0122,0.0406,0.0395,0.0375
MOD17A2H.A2020201.h12v02.006.2020214200642.Gpp_500m,MOD17A2H,A2020201,Lat66.02328333Lon-137.2492667Samp13Line13,2020214200642,Gpp_500m,0.0281,0.0288,0.0281,0.0272,0.0252,0.0272,0.0255,0.0249,0.0288,0.0234,0.0252,0.0252,0.0247,0.0261,0.0255,0.0252,0.0332,0.0305,0.0319,0.0223,0.0205,0.02,0.0201,0.0237,0.0263,0.0267,0.0319,0.0288,0.0274,0.0205,0.0205,0.0227,0.0227,0.0237,0.0256,0.0293,0.0314,0.0251,0.0262,0.0277,0.0281,0.0238,0.0281,0.0281,0.0277,0.0256,0.0293,0.0263,0.0274,0.0251,0.0228,0.0233,0.0238,0.0234,0.0252,0.0277,0.0252,0.0263,0.0245,0.0292,0.0262,0.0248,0.0228,0.027,0.027,0.0258,0.0234,0.0237,0.0228,0.0267,0.024,0.0251,0.0248,0.0248,0.0248,0.0244,0.0267,0.024,0.0216,0.0228,0.0211,0.0215,0.0167,0.0233,0.0233,0.0233,0.0244,0.0174,0.024,0.0166,0.0211,0.0197,0.0192,0.0167,0.0171,0.0214,0.0278,0.0165,0.0214,0.0291,0.024,0.0223,0.0223,0.0302,0.0211,0.0219,0.0214,0.0204,0.0204,0.0171,0.0258,0.0166,0.0276,0.0283,0.0276,0.0247,0.0285,0.0167,0.0146,0.0135,0.0196,0.0149,0.017,0.0174,0.0283,0.0258,0.0258,0.0234,0.024,0.0236,0.0192,0.027,0.0146,0.0174,0.017,0.028,0.028,0.0251,0.0246,0.0233,0.0243,0.0235,0.0232,0.0165,0.0174,0.0189,0.0192,0.0227,0.0227,0.0258,0.0236,0.0236,0.0227,0.0232,0.0285,0.0291,0.0247,0.0192,0.0225,0.0225,0.0258,0.025,0.0236,0.0235,0.0284,0.0235,0.0222,0.0273,0.0239
MOD17A2H.A2020209.h12v02.006.2020228221757.Gpp_500m,MOD17A2H,A2020209,Lat66.02328333Lon-137.2492667Samp13Line13,2020228221757,Gpp_500m,0.041,0.0377,0.0388,0.0388,0.0364,0.0364,0.036,0.0413,0.0418,0.0375,0.0385,0.0365,0.0338,0.0369,0.0344,0.0336,0.0451,0.0484,0.0491,0.037,0.0385,0.0375,0.0356,0.0375,0.0385,0.0414,0.0341,0.0341,0.0351,0.0377,0.0408,0.0427,0.0389,0.0378,0.036,0.0345,0.0345,0.0346,0.0338,0.0365,0.0365,0.0408,0.037,0.036,0.0365,0.0357,0.0338,0.0338,0.0338,0.0331,0.0328,0.0328,0.0331,0.0345,0.036,0.0371,0.0342,0.0357,0.0357,0.0346,0.0361,0.0351,0.0331,0.0331,0.0338,0.0385,0.0345,0.0345,0.0357,0.0375,0.0375,0.0361,0.0351,0.0328,0.0331,0.0332,0.0338,0.0352,0.0371,0.0351,0.0342,0.0313,0.0331,0.0365,0.0366,0.0338,0.0324,0.0328,0.0352,0.0344,0.0344,0.038,0.0414,0.0303,0.0322,0.0323,0.0338,0.0332,0.0338,0.0338,0.0347,0.0328,0.0381,0.0391,0.0322,0.0322,0.0303,0.0324,0.0328,0.0338,0.0332,0.0367,0.0381,0.0381,0.0391,0.0368,0.0373,0.0303,0.0324,0.0332,0.0309,0.0315,0.0367,0.0381,0.0368,0.0368,0.0388,0.0388,0.0388,0.0374,0.0317,0.0357,0.0357,0.0367,0.0367,0.0368,0.0376,0.0373,0.0374,0.0368,0.0368,0.0368,0.033,0.0362,0.0362,0.0376,0.0376,0.0368,0.0373,0.0374,0.0305,0.0368,0.0368,0.0316,0.0316,0.0324,0.0352,0.0376,0.0368,0.0318,0.0299,0.0309,0.0305,0.031,0.0316,0.0316,0.0324,0.0324,0.0334
MOD17A2H.A2020217.h12v02.006.2020228233311.Gpp_500m,MOD17A2H,A2020217,Lat66.02328333Lon-137.2492667Samp13Line13,2020228233311,Gpp_500m,0.0292,0.0304,0.0304,0.0236,0.0271,0.0274,0.0304,0.0323,0.0314,0.0358,0.0323,0.0277,0.0239,0.0304,0.0244,F,0.0359,0.0349,0.0329,0.0286,0.0266,0.0285,0.0303,0.0303,0.0295,0.0285,0.0274,0.0228,0.0274,0.0301,0.0286,0.0347,0.0312,0.0303,0.0303,0.0295,0.0285,0.0281,0.0266,0.0296,0.0304,0.0304,0.0246,0.0312,0.0303,0.0295,0.0265,0.0239,0.0257,0.0257,0.0251,0.0246,0.0245,0.0265,0.0301,0.0285,0.0265,0.0266,0.0273,0.0281,0.0257,0.0257,0.0254,0.0257,0.0273,0.0274,0.0285,0.0265,0.0308,0.0285,0.0266,0.0314,0.0266,0.0195,0.0239,0.0251,0.0254,0.0254,0.0277,0.0277,0.0257,0.0266,0.0235,0.0243,0.0195,0.0266,0.0265,0.0254,0.0265,0.0269,0.0262,0.0257,0.0251,0.024,0.0243,0.0277,0.0269,0.0277,0.0273,0.0273,0.0269,0.0257,0.025,0.0257,0.0233,0.0262,0.0239,0.0239,0.0277,0.028,0.0269,0.0269,0.0264,0.0245,0.0257,0.0253,0.025,0.0235,0.0239,0.0254,0.0221,0.0223,0.0262,0.0264,0.0276,0.0262,0.0272,0.0234,0.0267,0.0267,0.0254,0.0262,0.0223,0.0276,0.0292,0.0276,0.028,0.02,0.0234,0.0262,0.025,0.0242,0.0242,0.0265,0.0246,0.0292,0.0284,0.0254,0.0223,0.0237,F,F,0.0234,0.0245,0.0261,0.0257,0.0237,0.0187,F,0.0223,0.0188,0.0214,0.0245,0.0261,0.0222,0.0261,0.0272,0.0265,0.0214
MOD17A2H.A2020225.h12v02.006.2020235024803.Gpp_500m,MOD17A2H,A2020225,Lat66.02328333Lon-137.2492667Samp13Line13,2020235024803,Gpp_500m,0.0243,0.0243,0.024,0.0246,0.022,0.0239,0.0242,0.0242,0.0255,0.0249,0.0278,0.0225,0.0239,0.0212,0.0218,0.0212,0.0266,0.0254,0.0278,0.0225,0.0249,0.0246,0.0253,0.0253,0.0243,0.0249,0.0223,0.0212,0.0233,0.0223,0.0271,0.0271,0.0258,0.0255,0.0239,0.0239,0.0236,0.0236,0.0216,0.0236,0.0261,0.0258,0.0258,0.0243,0.0253,0.0219,0.0219,0.0212,0.0212,0.0204,0.0216,0.0198,0.0211,0.0242,0.0253,0.0243,0.0219,0.0219,0.0232,0.0249,0.0219,0.0224,0.0231,0.0239,0.0248,0.0255,0.0253,0.0239,0.0249,0.0252,0.0256,0.0246,0.0246,0.0236,0.0239,0.0242,0.0248,0.0245,0.0255,0.0239,0.0252,0.0239,0.0216,0.0224,0.0216,0.0239,0.0239,0.0236,0.0248,0.0239,0.0239,0.0232,0.0212,0.0184,0.0204,0.0216,0.0236,0.0255,0.0242,0.0248,0.0245,0.0216,0.0229,0.0237,0.0224,0.0204,0.0194,0.0194,0.0199,0.0242,0.0211,0.0219,0.0212,0.0229,0.0248,0.0216,0.0205,0.0196,0.0206,0.0196,0.0211,0.0211,0.0211,0.0211,0.0219,0.0223,0.021,0.0212,0.0216,0.0216,0.0207,0.0196,0.0212,0.0216,0.0224,0.0219,0.0223,0.0225,0.0225,0.0212,0.0201,0.0223,0.0212,0.0206,0.0206,0.0224,0.0224,0.0212,0.02,0.0189,0.0212,0.0201,0.0189,0.0189,0.0189,0.0203,0.0206,0.0181,0.0181,0.0181,0.0189,0.0194,0.0194,0.0206,0.0207,0.0189,0.0203,0.0207,0.0209
MOD17A2H.A2020233.h12v02.006.2020242044909.Gpp_500m,MOD17A2H,A2020233,Lat66.02328333Lon-137.2492667Samp13Line13,2020242044909,Gpp_500m,0.0209,0.0218,0.0209,0.0207,0.0193,0.02,0.0201,0.0245,0.0244,0.0236,0.0228,0.0189,0.0189,0.0193,0.0181,0.0187,0.0231,0.0235,0.0246,0.021,0.021,0.0206,0.0218,0.0231,0.0218,0.0218,0.0194,0.02,0.0196,0.0196,0.0245,0.0244,0.023,0.0231,0.0226,0.0218,0.0218,0.0208,0.0194,0.0223,0.0222,0.0245,0.0222,0.0218,0.0231,0.0201,0.0193,0.0206,0.0193,0.0194,0.0188,0.0182,0.0179,0.02,0.0222,0.0222,0.0197,0.0193,0.0214,0.0226,0.0194,0.0194,0.019,0.0194,0.0205,0.0222,0.02,0.0214,0.0232,0.0201,0.0226,0.0235,0.0194,0.018,0.0188,0.0188,0.0205,0.0214,0.0218,0.0201,0.0201,0.0182,0.0167,0.0189,0.019,0.0224,0.0188,0.0194,0.0206,0.02,0.0188,0.0188,0.0183,0.0167,0.0173,0.02,0.0194,0.0208,0.0206,0.0206,0.0191,0.0173,0.0191,0.0191,0.0188,0.019,0.019,0.0194,0.0194,0.019,0.0188,0.018,0.018,0.018,0.0185,0.018,0.0173,0.0182,0.019,0.0188,0.019,0.0191,0.0195,0.0185,0.0196,0.0196,0.018,0.018,0.0173,0.0204,0.0188,0.0194,0.0191,0.0195,0.0195,0.0188,0.0182,0.0177,0.0177,0.0173,0.0196,0.0173,0.0174,0.0191,0.0191,0.0177,0.0173,0.0173,0.0177,0.0177,0.0173,0.0173,0.0171,0.0167,0.0028,0.0128,0.0177,0.0171,0.0158,0.0158,0.0163,0.0163,0.0164,0.0164,F,0.0119,0.0119,0.0129,0.0103
MOD17A2H.A2020241.h12v02.006.2020250051018.Gpp_500m,MOD17A2H,A2020241,Lat66.02328333Lon-137.2492667Samp13Line13,2020250051018,Gpp_500m,0.0058,0.006,0.0058,0.0052,0.0052,0.0052,0.0056,0.0056,0.0076,0.0076,0.0069,0.0112,0.008,0.0058,0.005,0.0049,0.0063,0.0063,0.0064,0.0058,0.007,0.0076,0.0083,0.0083,0.0089,0.0089,0.0054,0.0054,0.0058,0.0058,0.0076,0.007,0.0092,0.0092,0.0092,0.0092,0.0087,0.0081,0.0081,0.006,0.006,0.0076,0.0082,0.0092,0.0089,0.0089,0.0082,0.0082,0.0076,0.0075,0.0075,0.007,0.0082,0.0082,0.0089,0.0089,0.0089,0.0089,0.0089,0.0089,0.0093,0.0075,0.007,0.0076,0.007,0.0099,0.0089,0.0089,0.0099,0.0099,0.0099,0.0093,0.0076,0.0075,0.0076,0.0064,0.007,0.007,0.0081,0.0081,0.0081,0.0075,0.0075,0.0076,0.0087,0.0076,0.0064,0.0064,0.0064,0.0064,0.0064,0.0076,0.0075,0.0065,0.0065,0.0064,0.0076,0.007,0.0064,0.0064,0.0064,0.0067,0.0064,0.0077,0.0076,0.0064,0.0064,0.0064,0.007,0.0064,0.0064,0.007,0.0067,0.0067,0.0057,0.0057,0.0042,0.0064,0.0064,0.0064,0.0064,0.0064,0.0064,0.0057,0.0049,0.0077,0.0049,0.0042,0.0042,0.0042,0.0057,0.0064,0.0064,0.0049,0.0049,0.0049,0.0057,0.0048,0.0052,0.0057,0.0042,0.0042,0.0042,0.0049,0.0049,0.0049,0.0052,0.0052,0.0042,0.0042,0.0057,0.0042,0.0042,0.0042,0.0042,0.0042,0.0042,0.007,0.0057,0.0042,0.0042,0.0045,0.0042,0.0042,0.0042,0.0042,0.0042,0.0042,0.0045
MOD17A2H.A2020249.h12v02.006.2020262033649.Gpp_500m,MOD17A2H,A2020249,Lat66.02328333Lon-137.2492667Samp13Line13,2020262033649,Gpp_500m,0.0058,0.005,0.0088,0.0106,0.0085,0.0074,0.0074,0.0074,0.0061,0.0017,0.0066,0.0074,0.0106,0.0094,0.0077,0.0046,0.0096,0.0096,0.0089,0.0036,0.0036,0.0052,0.0081,0.0033,0.0105,0.003,0.0041,0.0041,0.0083,0.0083,0.0089,0.0083,0.0083,0.0052,0.0033,0.0028,0.0025,0.0065,0.0046,0.0085,0.0084,0.0089,0.0083,0.0083,0.0058,0.0058,0.0129,0.0124,0.0058,0.0067,0.006,0.005,0.0084,0.0086,0.0086,0.0051,0.0055,0.0129,0.0052,0.011,0.0105,0.0046,0.0071,0.0066,0.0105,0.0061,0.0051,0.0055,0.0097,0.015,0.011,0.0105,0.0133,0.0087,0.01,0.0107,0.0086,0.0105,0.011,0.0061,0.008,0.0099,0.0077,0.009,0.0087,0.0094,0.0094,0.0086,0.0097,0.009,0.0086,0.0105,0.0089,0.009,0.009,0.0094,0.01,0.0105,0.0094,0.009,0.0086,0.009,0.0081,0.0079,0.0087,0.0087,0.0081,0.0078,0.0105,0.0091,0.0083,0.0086,0.009,0.0095,0.0079,0.0091,0.0101,0.0079,0.0078,0.0078,0.0079,0.0083,0.0083,0.0091,0.009,0.009,0.0095,0.0101,0.0101,0.0101,0.0079,0.007,0.0055,0.0078,0.0097,0.009,0.0095,0.009,0.0101,0.0094,0.0086,0.0095,0.01,0.0061,0.0056,0.0097,0.0078,0.0071,0.009,0.0082,0.0078,0.0078,0.0082,0.0082,0.0078,0.0082,0.007,0.0067,0.0071,0.0078,0.0078,0.0078,0.0078,0.0071,0.0079,0.0078,0.0061,0.0065,0.009
MOD17A2H.A2020257.h12v02.006.2020267100120.Gpp_500m,MOD17A2H,A2020257,Lat66.02328333Lon-137.2492667Samp13Line13,2020267100120,Gpp_500m,0.0077,0.0077,0.0085,0.0081,0.0077,0.0066,0.0054,0.0053,0.0053,0.0051,0.0051,0.0065,0.0065,0.0077,0.0066,0.0066,0.0064,0.0072,0.0072,0.0043,0.0043,0.0065,0.0065,0.0069,0.0066,0.0085,0.0068,0.0068,0.0065,0.0073,0.008,0.0081,0.0081,0.0069,0.0069,0.0065,0.0085,0.0081,0.0083,0.0077,0.0078,0.0077,0.0076,0.0065,0.0069,0.0081,0.0085,0.0088,0.0088,0.0088,0.0081,0.0073,0.0073,0.0076,0.0085,0.0085,0.0077,0.0072,0.0108,0.0105,0.0088,0.0083,0.0083,0.0072,0.0065,0.0085,0.0086,0.0065,0.0065,0.0095,0.0105,0.0105,0.0072,0.0065,0.0065,0.0065,0.007,0.0083,0.0065,0.0065,0.0095,0.0072,0.0072,0.007,0.007,0.0065,0.0065,0.0079,0.0096,0.0077,0.0083,0.0077,0.0077,0.007,0.0088,0.007,0.0054,0.0066,0.0095,0.0083,0.0077,0.0077,0.0077,0.0065,0.007,0.0088,0.007,0.007,0.007,0.0095,0.0092,0.009,0.0079,0.0077,0.0073,0.0074,0.0074,0.0065,0.0034,0.0073,0.0077,0.0066,0.0062,0.0085,0.0077,0.0077,0.0073,0.0077,0.0087,0.0114,0.0073,0.0073,0.0056,0.0062,0.0062,0.0079,0.0087,0.0077,0.0074,0.0077,0.0114,0.0114,0.007,0.0072,0.0056,0.007,0.007,0.007,0.0073,0.0066,0.0077,0.0079,0.007,0.01,0.0097,0.0073,0.0072,0.0072,0.0065,0.0065,0.0065,0.007,0.0072,0.0065,0.0085,0.0102,0.0091,0.0056,0.0077
MOD17A2H.A2020265.h12v02.006.2021103034401.Gpp_500m,MOD17A2H,A2020265,Lat66.02328333Lon-137.2492667Samp13Line13,2021103034401,Gpp_500m,0.0033,0.0032,0.0031,0.0031,0.0023,0.0031,0.0031,0.0031,0.0025,0.0007,0.0031,0.0025,0.0029,0.0047,0.0047,0.0031,0.0032,0.0032,0.0035,0.0031,0.0007,0.0031,0.0031,0.0033,0.0033,0.0007,0.0031,0.0031,0.0031,0.0031,0.0031,0.0031,0.0031,0.0031,0.0034,0.0032,0.0025,0.004,0.0031,0.0032,0.0034,0.0031,0.0031,0.0031,0.0035,0.0034,0.0031,0.0031,0.0024,0.0031,0.0033,0.0033,0.0025,0.0031,0.0031,0.004,0.004,0.0031,0.0047,0.0031,0.0031,0.004,0.004,0.0031,0.0031,0.0032,0.004,0.0032,0.0032,0.0032,0.0035,0.0032,0.004,0.004,0.0022,0.0031,0.0031,0.0036,0.0034,0.0031,0.0031,0.0031,0.0031,0.004,0.0043,0.0043,0.0033,0.0033,0.004,0.004,0.0034,0.0031,0.0031,0.0036,0.0036,0.004,0.004,0.004,0.004,0.0034,0.0035,0.0035,0.0033,0.0031,0.004,0.0036,0.0036,0.0031,0.004,0.004,0.0035,0.0035,0.004,0.004,0.0034,0.0031,0.0031,0.0036,0.0031,0.0031,0.0031,0.0031,0.0031,0.0035,0.004,0.0034,0.0034,0.004,0.0035,0.0031,0.0031,0.0031,0.0031,0.0033,0.0035,0.004,0.004,0.0035,0.0035,0.0035,0.0031,0.0031,0.0031,0.0031,0.0033,0.0033,0.0031,0.0031,0.0031,0.0031,0.0031,0.0031,0.0031,0.0031,0.0022,0.0022,0.0031,0.0031,0.0031,0.0031,0.0031,0.0031,0.0031,0.0031,0.0031,0.0022,0.0022,0.0031,0.0031
MOD17A2H.A2020273.h12v02.006.2020290082045.Gpp_500m,MOD17A2H,A2020273,Lat66.02328333Lon-137.2492667Samp13Line13,2020290082045,Gpp_500m,0.0033,0.0031,0.0033,0.0031,0.0024,0.0024,0.0024,0.0029,0.003,0.003,0.003,0.0027,0.0032,0.0025,0.0025,0.0025,0.0028,0.0028,0.0019,0.0019,0.0025,0.0029,0.0029,0.0032,0.0032,0.003,0.0025,0.0023,0.0023,0.0031,0.0031,0.0031,0.0031,0.0029,0.0035,0.003,0.003,0.003,0.0033,0.0033,0.0033,0.0029,0.0031,0.0031,0.0035,0.0035,0.003,0.0033,0.003,0.0033,0.0033,0.003,0.0029,0.0033,0.0033,0.0032,0.0035,0.003,0.0033,0.0033,0.0039,0.0035,0.0035,0.0027,0.0035,0.0035,0.0032,0.0035,0.0037,0.0037,0.0033,0.0033,0.0025,0.0035,0.0027,0.0032,0.004,0.004,0.0036,0.0025,0.0025,0.0019,0.0033,0.0025,0.0035,0.0037,0.0037,0.0033,0.004,0.0036,0.003,0.003,0.0019,0.0023,0.0033,0.0033,0.004,0.004,0.0033,0.0033,0.0033,0.003,0.0027,0.0029,0.0032,0.0029,0.0029,0.004,0.004,0.004,0.0033,0.0035,0.0035,0.0038,0.0027,0.0029,0.0033,0.0029,0.0029,0.0029,0.003,0.003,0.0033,0.0035,0.0038,0.0036,0.0036,0.004,0.0036,0.003,0.0029,0.003,0.003,0.0033,0.004,0.004,0.004,0.0032,0.004,0.0036,0.003,0.003,0.0029,0.0029,0.0029,0.0032,0.0029,0.0023,0.0032,0.003,0.003,0.003,0.0029,0.0029,0.0029,0.0029,0.0033,0.0029,0.0023,0.0023,0.0028,0.0033,0.0033,0.003,0.0029,0.0033,0.0008,0.0029,0.0029
MOD17A2H.A2020281.h12v02.006.2020291121339.Gpp_500m,MOD17A2H,A2020281,Lat66.02328333Lon-137.2492667Samp13Line13,2020291121339,Gpp_500m,F,F,F,F,F,F,F,F,F,F,F,F,F,F,F,F,F,F,F,F,F,F,F,F,F,F,F,F,F,F,F,F,F,F,F,F,F,F,F,F,F,F,F,F,F,F,F,F,F,F,F,F,F,F,F,F,F,F,F,F,F,F,F,F,F,F,F,F,F,F,F,F,F,F,F,F,F,F,F,F,F,F,F,F,F,F,F,F,F,F,F,F,F,F,F,F,F,F,F,F,F,F,F,F,F,F,F,F,F,F,F,F,F,F,F,F,F,F,F,F,F,F,F,F,F,F,F,F,F,F,F,F,F,F,F,F,F,F,F,F,F,F,F,F,F,F,F,F,F,F,F,F,F,F,F,F,F,F,F,F,F,F,F,F,F,F,F,F,F
MOD17A2H.A2020289.h12v02.006.2020301161346.Gpp_500m,MOD17A2H,A2020289,Lat66.02328333Lon-137.2492667Samp13Line13,2020301161346,Gpp_500m,F,F,F,F,F,F,F,F,F,F,F,F,F,F,F,F,F,F,F,F,F,F,F,F,F,F,F,F,F,F,F,F,F,F,F,F,F,F,F,F,F,F,F,F,F,F,F,F,F,F,F,F,F,F,F,F,F,F,F,F,F,F,F,F,F,F,F,F,F,F,F,F,F,F,F,F,F,F,F,F,F,F,F,F,F,F,F,F,F,F,F,F,F,F,F,F,F,F,F,F,F,F,F,F,F,F,F,F,F,F,F,F,F,F,F,F,F,F,F,F,F,F,F,F,F,F,F,F,F,F,F,F,F,F,F,F,F,F,F,F,F,F,F,F,F,F,F,F,F,F,F,F,F,F,F,F,F,F,F,F,F,F,F,F,F,F,F,F,F
MOD17A2H.A2020297.h12v02.006.2020306051055.Gpp_500m,MOD17A2H,A2020297,Lat66.02328333Lon-137.2492667Samp13Line13,2020306051055,Gpp_500m,F,F,F,F,F,F,F,F,F,F,F,F,F,F,F,F,F,F,F,F,F,F,F,F,F,F,F,F,F,F,F,F,F,F,F,F,F,F,F,F,F,F,F,F,F,F,F,F,F,F,F,F,F,F,F,F,F,F,F,F,F,F,F,F,F,F,F,F,F,F,F,F,F,F,F,F,F,F,F,F,F,F,F,F,F,F,F,F,F,F,F,F,F,F,F,F,F,F,F,F,F,F,F,F,F,F,F,F,F,F,F,F,F,F,F,F,F,F,F,F,F,F,F,F,F,F,F,F,F,F,F,F,F,F,F,F,F,F,F,F,F,F,F,F,F,F,F,F,F,F,F,F,F,F,F,F,F,F,F,F,F,F,F,F,F,F,F,F,F
MOD17A2H.A2020305.h12v02.006.2020315093746.Gpp_500m,MOD17A2H,A2020305,Lat66.02328333Lon-137.2492667Samp13Line13,2020315093746,Gpp_500m,F,F,F,F,F,F,F,F,F,F,F,F,F,F,F,F,F,F,F,F,F,F,F,F,F,F,F,F,F,F,F,F,F,F,F,F,F,F,F,F,F,F,F,F,F,F,F,F,F,F,F,F,F,F,F,F,F,F,F,F,F,F,F,F,F,F,F,F,F,F,F,F,F,F,F,F,F,F,F,F,F,F,F,F,F,F,F,F,F,F,F,F,F,F,F,F,F,F,F,F,F,F,F,F,F,F,F,F,F,F,F,F,F,F,F,F,F,F,F,F,F,F,F,F,F,F,F,F,F,F,F,F,F,F,F,F,F,F,F,F,F,F,F,F,F,F,F,F,F,F,F,F,F,F,F,F,F,F,F,F,F,F,F,F,F,F,F,F,F
MOD17A2H.A2020313.h12v02.006.2020322062904.Gpp_500m,MOD17A2H,A2020313,Lat66.02328333Lon-137.2492667Samp13Line13,2020322062904,Gpp_500m,F,F,F,F,F,F,F,F,F,F,F,F,F,F,F,F,F,F,F,F,F,F,F,F,F,F,F,F,F,F,F,F,F,F,F,F,F,F,F,F,F,F,F,F,F,F,F,F,F,F,F,F,F,F,F,F,F,F,F,F,F,F,F,F,F,F,F,F,F,F,F,F,F,F,F,F,F,F,F,F,F,F,F,F,F,F,F,F,F,F,F,F,F,F,F,F,F,F,F,F,F,F,F,F,F,F,F,F,F,F,F,F,F,F,F,F,F,F,F,F,F,F,F,F,F,F,F,F,F,F,F,F,F,F,F,F,F,F,F,F,F,F,F,F,F,F,F,F,F,F,F,F,F,F,F,F,F,F,F,F,F,F,F,F,F,F,F,F,F
MOD17A2H.A2020321.h12v02.006.2020338044050.Gpp_500m,MOD17A2H,A2020321,Lat66.02328333Lon-137.2492667Samp13Line13,2020338044050,Gpp_500m,F,F,F,F,F,F,F,F,F,F,F,F,F,F,F,F,F,F,F,F,F,F,F,F,F,F,F,F,F,F,F,F,F,F,F,F,F,F,F,F,F,F,F,F,F,F,F,F,F,F,F,F,F,F,F,F,F,F,F,F,F,F,F,F,F,F,F,F,F,F,F,F,F,F,F,F,F,F,F,F,F,F,F,F,F,F,F,F,F,F,F,F,F,F,F,F,F,F,F,F,F,F,F,F,F,F,F,F,F,F,F,F,F,F,F,F,F,F,F,F,F,F,F,F,F,F,F,F,F,F,F,F,F,F,F,F,F,F,F,F,F,F,F,F,F,F,F,F,F,F,F,F,F,F,F,F,F,F,F,F,F,F,F,F,F,F,F,F,F
MOD17A2H.A2020329.h12v02.006.2020338113914.Gpp_500m,MOD17A2H,A2020329,Lat66.02328333Lon-137.2492667Samp13Line13,2020338113914,Gpp_500m,F,F,F,F,F,F,F,F,F,F,F,F,F,F,F,F,F,F,F,F,F,F,F,F,F,F,F,F,F,F,F,F,F,F,F,F,F,F,F,F,F,F,F,F,F,F,F,F,F,F,F,F,F,F,F,F,F,F,F,F,F,F,F,F,F,F,F,F,F,F,F,F,F,F,F,F,F,F,F,F,F,F,F,F,F,F,F,F,F,F,F,F,F,F,F,F,F,F,F,F,F,F,F,F,F,F,F,F,F,F,F,F,F,F,F,F,F,F,F,F,F,F,F,F,F,F,F,F,F,F,F,F,F,F,F,F,F,F,F,F,F,F,F,F,F,F,F,F,F,F,F,F,F,F,F,F,F,F,F,F,F,F,F,F,F,F,F,F,F
MOD17A2H.A2020337.h12v02.006.2020347101508.Gpp_500m,MOD17A2H,A2020337,Lat66.02328333Lon-137.2492667Samp13Line13,2020347101508,Gpp_500m,F,F,F,F,F,F,F,F,F,F,F,F,F,F,F,F,F,F,F,F,F,F,F,F,F,F,F,F,F,F,F,F,F,F,F,F,F,F,F,F,F,F,F,F,F,F,F,F,F,F,F,F,F,F,F,F,F,F,F,F,F,F,F,F,F,F,F,F,F,F,F,F,F,F,F,F,F,F,F,F,F,F,F,F,F,F,F,F,F,F,F,F,F,F,F,F,F,F,F,F,F,F,F,F,F,F,F,F,F,F,F,F,F,F,F,F,F,F,F,F,F,F,F,F,F,F,F,F,F,F,F,F,F,F,F,F,F,F,F,F,F,F,F,F,F,F,F,F,F,F,F,F,F,F,F,F,F,F,F,F,F,F,F,F,F,F,F,F,F
MOD17A2H.A2020345.h12v02.006.2020358223055.Gpp_500m,MOD17A2H,A2020345,Lat66.02328333Lon-137.2492667Samp13Line13,2020358223055,Gpp_500m,F,F,F,F,F,F,F,F,F,F,F,F,F,F,F,F,F,F,F,F,F,F,F,F,F,F,F,F,F,F,F,F,F,F,F,F,F,F,F,F,F,F,F,F,F,F,F,F,F,F,F,F,F,F,F,F,F,F,F,F,F,F,F,F,F,F,F,F,F,F,F,F,F,F,F,F,F,F,F,F,F,F,F,F,F,F,F,F,F,F,F,F,F,F,F,F,F,F,F,F,F,F,F,F,F,F,F,F,F,F,F,F,F,F,F,F,F,F,F,F,F,F,F,F,F,F,F,F,F,F,F,F,F,F,F,F,F,F,F,F,F,F,F,F,F,F,F,F,F,F,F,F,F,F,F,F,F,F,F,F,F,F,F,F,F,F,F,F,F
MOD17A2H.A2020353.h12v02.006.2020364230725.Gpp_500m,MOD17A2H,A2020353,Lat66.02328333Lon-137.2492667Samp13Line13,2020364230725,Gpp_500m,F,F,F,F,F,F,F,F,F,F,F,F,F,F,F,F,F,F,F,F,F,F,F,F,F,F,F,F,F,F,F,F,F,F,F,F,F,F,F,F,F,F,F,F,F,F,F,F,F,F,F,F,F,F,F,F,F,F,F,F,F,F,F,F,F,F,F,F,F,F,F,F,F,F,F,F,F,F,F,F,F,F,F,F,F,F,F,F,F,F,F,F,F,F,F,F,F,F,F,F,F,F,F,F,F,F,F,F,F,F,F,F,F,F,F,F,F,F,F,F,F,F,F,F,F,F,F,F,F,F,F,F,F,F,F,F,F,F,F,F,F,F,F,F,F,F,F,F,F,F,F,F,F,F,F,F,F,F,F,F,F,F,F,F,F,F,F,F,F
MOD17A2H.A2020361.h12v02.006.2021004040257.Gpp_500m,MOD17A2H,A2020361,Lat66.02328333Lon-137.2492667Samp13Line13,2021004040257,Gpp_500m,F,F,F,F,F,F,F,F,F,F,F,F,F,F,F,F,F,F,F,F,F,F,F,F,F,F,F,F,F,F,F,F,F,F,F,F,F,F,F,F,F,F,F,F,F,F,F,F,F,F,F,F,F,F,F,F,F,F,F,F,F,F,F,F,F,F,F,F,F,F,F,F,F,F,F,F,F,F,F,F,F,F,F,F,F,F,F,F,F,F,F,F,F,F,F,F,F,F,F,F,F,F,F,F,F,F,F,F,F,F,F,F,F,F,F,F,F,F,F,F,F,F,F,F,F,F,F,F,F,F,F,F,F,F,F,F,F,F,F,F,F,F,F,F,F,F,F,F,F,F,F,F,F,F,F,F,F,F,F,F,F,F,F,F,F,F,F,F,F
MOD17A2H.A2021001.h12v02.006.2021010043549.Gpp_500m,MOD17A2H,A2021001,Lat66.02328333Lon-137.2492667Samp13Line13,2021010043549,Gpp_500m,F,F,F,F,F,F,F,F,F,F,F,F,F,F,F,F,F,F,F,F,F,F,F,F,F,F,F,F,F,F,F,F,F,F,F,F,F,F,F,F,F,F,F,F,F,F,F,F,F,F,F,F,F,F,F,F,F,F,F,F,F,F,F,F,F,F,F,F,F,F,F,F,F,F,F,F,F,F,F,F,F,F,F,F,F,F,F,F,F,F,F,F,F,F,F,F,F,F,F,F,F,F,F,F,F,F,F,F,F,F,F,F,F,F,F,F,F,F,F,F,F,F,F,F,F,F,F,F,F,F,F,F,F,F,F,F,F,F,F,F,F,F,F,F,F,F,F,F,F,F,F,F,F,F,F,F,F,F,F,F,F,F,F,F,F,F,F,F,F
MOD17A2H.A2021009.h12v02.006.2021018043412.Gpp_500m,MOD17A2H,A2021009,Lat66.02328333Lon-137.2492667Samp13Line13,2021018043412,Gpp_500m,F,F,F,F,F,F,F,F,F,F,F,F,F,F,F,F,F,F,F,F,F,F,F,F,F,F,F,F,F,F,F,F,F,F,F,F,F,F,F,F,F,F,F,F,F,F,F,F,F,F,F,F,F,F,F,F,F,F,F,F,F,F,F,F,F,F,F,F,F,F,F,F,F,F,F,F,F,F,F,F,F,F,F,F,F,F,F,F,F,F,F,F,F,F,F,F,F,F,F,F,F,F,F,F,F,F,F,F,F,F,F,F,F,F,F,F,F,F,F,F,F,F,F,F,F,F,F,F,F,F,F,F,F,F,F,F,F,F,F,F,F,F,F,F,F,F,F,F,F,F,F,F,F,F,F,F,F,F,F,F,F,F,F,F,F,F,F,F,F
MOD17A2H.A2021017.h12v02.006.2021026211547.Gpp_500m,MOD17A2H,A2021017,Lat66.02328333Lon-137.2492667Samp13Line13,2021026211547,Gpp_500m,F,F,F,F,F,F,F,F,F,F,F,F,F,F,F,F,F,F,F,F,F,F,F,F,F,F,F,F,F,F,F,F,F,F,F,F,F,F,F,F,F,F,F,F,F,F,F,F,F,F,F,F,F,F,F,F,F,F,F,F,F,F,F,F,F,F,F,F,F,F,F,F,F,F,F,F,F,F,F,F,F,F,F,F,F,F,F,F,F,F,F,F,F,F,F,F,F,F,F,F,F,F,F,F,F,F,F,F,F,F,F,F,F,F,F,F,F,F,F,F,F,F,F,F,F,F,F,F,F,F,F,F,F,F,F,F,F,F,F,F,F,F,F,F,F,F,F,F,F,F,F,F,F,F,F,F,F,F,F,F,F,F,F,F,F,F,F,F,F
MOD17A2H.A2021025.h12v02.006.2021034054518.Gpp_500m,MOD17A2H,A2021025,Lat66.02328333Lon-137.2492667Samp13Line13,2021034054518,Gpp_500m,F,F,F,F,F,F,F,F,F,F,F,F,F,F,F,F,F,F,F,F,F,F,F,F,F,F,F,F,F,F,F,F,F,F,F,F,F,F,F,F,F,F,F,F,F,F,F,F,F,F,F,F,F,F,F,F,F,F,F,F,F,F,F,F,F,F,F,F,F,F,F,F,F,F,F,F,F,F,F,F,F,F,F,F,F,F,F,F,F,F,F,F,F,F,F,F,F,F,F,F,F,F,F,F,F,F,F,F,F,F,F,F,F,F,F,F,F,F,F,F,F,F,F,F,F,F,F,F,F,F,F,F,F,F,F,F,F,F,F,F,F,F,F,F,F,F,F,F,F,F,F,F,F,F,F,F,F,F,F,F,F,F,F,F,F,F,F,F,F
MOD17A2H.A2021033.h12v02.006.2021042052905.Gpp_500m,MOD17A2H,A2021033,Lat66.02328333Lon-137.2492667Samp13Line13,2021042052905,Gpp_500m,F,F,F,F,F,F,F,F,F,F,F,F,F,F,F,F,F,F,F,F,F,F,F,F,F,F,F,F,F,F,F,F,F,F,F,F,F,F,F,F,F,F,F,F,F,F,F,F,F,F,F,F,F,F,F,F,F,F,F,F,F,F,F,F,F,F,F,F,F,F,F,F,F,F,F,F,F,F,F,F,F,F,F,F,F,F,F,F,F,F,F,F,F,F,F,F,F,F,F,F,F,F,F,F,F,F,F,F,F,F,F,F,F,F,F,F,F,F,F,F,F,F,F,F,F,F,F,F,F,F,F,F,F,F,F,F,F,F,F,F,F,F,F,F,F,F,F,F,F,F,F,F,F,F,F,F,F,F,F,F,F,F,F,F,F,F,F,F,F
MOD17A2H.A2021041.h12v02.006.2021050041115.Gpp_500m,MOD17A2H,A2021041,Lat66.02328333Lon-137.2492667Samp13Line13,2021050041115,Gpp_500m,F,F,F,F,F,F,F,F,F,F,F,F,F,F,F,F,F,F,F,F,F,F,F,F,F,F,F,F,F,F,F,F,F,F,F,F,F,F,F,F,F,F,F,F,F,F,F,F,F,F,F,F,F,F,F,F,F,F,F,F,F,F,F,F,F,F,F,F,F,F,F,F,F,F,F,F,F,F,F,F,F,F,F,F,F,F,F,F,F,F,F,F,F,F,F,F,F,F,F,F,F,F,F,F,F,F,F,F,F,F,F,F,F,F,F,F,F,F,F,F,F,F,F,F,F,F,F,F,F,F,F,F,F,F,F,F,F,F,F,F,F,F,F,F,F,F,F,F,F,F,F,F,F,F,F,F,F,F,F,F,F,F,F,F,F,F,F,F,F
MOD17A2H.A2021049.h12v02.006.2021061080801.Gpp_500m,MOD17A2H,A2021049,Lat66.02328333Lon-137.2492667Samp13Line13,2021061080801,Gpp_500m,F,F,F,F,F,F,F,F,F,F,F,F,F,F,F,F,F,F,F,F,F,F,F,F,F,F,F,F,F,F,F,F,F,F,F,F,F,F,F,F,F,F,F,F,F,F,F,F,F,F,F,F,F,F,F,F,F,F,F,F,F,F,F,F,F,F,F,F,F,F,F,F,F,F,F,F,F,F,F,F,F,F,F,F,F,F,F,F,F,F,F,F,F,F,F,F,F,F,F,F,F,F,F,F,F,F,F,F,F,F,F,F,F,F,F,F,F,F,F,F,F,F,F,F,F,F,F,F,F,F,F,F,F,F,F,F,F,F,F,F,F,F,F,F,F,F,F,F,F,F,F,F,F,F,F,F,F,F,F,F,F,F,F,F,F,F,F,F,F
MOD17A2H.A2021057.h12v02.006.2021068004452.Gpp_500m,MOD17A2H,A2021057,Lat66.02328333Lon-137.2492667Samp13Line13,2021068004452,Gpp_500m,F,F,F,F,F,F,F,F,F,F,F,F,F,F,F,F,F,F,F,F,F,F,F,F,F,F,F,F,F,F,F,F,F,F,F,F,F,F,F,F,F,F,F,F,F,F,F,F,F,F,F,F,F,F,F,F,F,F,F,F,F,F,F,F,F,F,F,F,F,F,F,F,F,F,F,F,F,F,F,F,F,F,F,F,F,F,F,F,F,F,F,F,F,F,F,F,F,F,F,F,F,F,F,F,F,F,F,F,F,F,F,F,F,F,F,F,F,F,F,F,F,F,F,F,F,F,F,F,F,F,F,F,F,F,F,F,F,F,F,F,F,F,F,F,F,F,F,F,F,F,F,F,F,F,F,F,F,F,F,F,F,F,F,F,F,F,F,F,F
MOD17A2H.A2021065.h12v02.006.2021075145551.Gpp_500m,MOD17A2H,A2021065,Lat66.02328333Lon-137.2492667Samp13Line13,2021075145551,Gpp_500m,F,F,F,F,F,F,F,F,F,F,F,F,F,F,F,F,F,F,0,F,F,F,F,F,F,F,F,F,F,F,F,F,F,F,F,F,F,F,F,F,F,F,F,F,F,F,F,F,F,F,F,F,F,F,F,F,F,F,F,F,F,F,F,F,F,F,F,F,F,F,F,F,F,F,F,F,F,F,F,F,F,F,F,F,F,F,F,F,F,F,F,F,F,F,F,F,F,F,F,F,F,F,F,F,F,F,F,F,F,F,F,F,F,F,F,F,F,F,F,F,F,F,F,F,F,F,F,F,F,F,F,F,F,F,F,F,F,F,F,F,F,F,F,F,F,F,F,F,F,F,F,F,F,F,F,F,F,F,F,F,F,F,F,F,F,F,F,F,F
MOD17A2H.A2021073.h12v02.006.2021084183020.Gpp_500m,MOD17A2H,A2021073,Lat66.02328333Lon-137.2492667Samp13Line13,2021084183020,Gpp_500m,F,F,F,F,F,F,F,F,F,0,F,F,F,F,F,F,F,F,0,F,0,F,F,F,F,F,F,F,F,F,F,F,F,F,F,F,F,F,F,F,F,F,F,F,F,F,F,F,F,F,F,F,F,F,F,F,F,F,F,F,F,F,F,F,F,F,F,F,F,F,F,F,F,F,F,F,F,F,F,F,F,F,F,F,F,F,F,F,F,F,F,F,F,F,F,F,F,F,F,F,F,F,F,F,F,F,F,F,F,F,F,F,F,F,F,F,F,F,F,F,F,F,F,F,F,F,F,F,F,F,F,F,F,F,F,F,F,F,F,F,F,F,F,F,F,F,F,F,F,F,F,F,F,F,F,F,F,F,F,F,F,F,F,F,F,F,F,F,F
MOD17A2H.A2021081.h12v02.006.2021090061626.Gpp_500m,MOD17A2H,A2021081,Lat66.02328333Lon-137.2492667Samp13Line13,2021090061626,Gpp_500m,F,F,F,F,F,F,F,F,F,F,F,F,F,F,F,F,F,0,0,F,F,F,F,F,F,F,F,F,F,F,F,F,F,F,F,F,F,F,F,F,F,F,F,F,F,F,F,F,F,F,F,F,F,F,F,F,F,F,F,F,F,F,F,F,F,F,F,F,F,F,F,F,F,F,F,F,F,F,F,F,F,F,F,F,F,F,F,F,F,F,F,F,F,F,F,F,F,F,F,F,F,F,F,F,F,F,F,F,F,F,F,F,F,F,F,F,F,F,F,F,F,F,F,F,F,F,F,F,F,F,F,F,F,F,F,F,F,F,F,F,F,F,F,F,F,F,F,F,F,F,F,F,F,F,F,F,F,F,F,F,F,F,F,F,F,F,F,F,F
MOD17A2H.A2021089.h12v02.006.2021098060807.Gpp_500m,MOD17A2H,A2021089,Lat66.02328333Lon-137.2492667Samp13Line13,2021098060807,Gpp_500m,F,F,F,F,F,F,F,F,F,F,F,F,F,F,F,F,F,F,F,F,F,F,F,F,F,F,F,F,F,F,F,F,F,F,F,F,F,F,F,F,F,F,F,F,F,F,F,F,F,F,F,F,F,F,F,F,F,F,F,F,F,F,F,F,F,F,F,F,F,F,F,F,F,F,F,F,F,F,F,F,F,F,F,F,F,F,F,F,F,F,F,F,F,F,F,F,F,F,F,F,F,F,F,F,F,F,F,F,F,F,F,F,F,F,F,F,F,F,F,F,F,F,F,F,F,F,F,F,F,F,F,F,F,F,F,F,F,F,F,F,F,F,F,F,F,F,F,F,F,F,F,F,F,F,F,F,F,F,F,F,F,F,F,F,F,F,F,F,F
MOD17A2H.A2021097.h12v02.006.2021107085755.Gpp_500m,MOD17A2H,A2021097,Lat66.02328333Lon-137.2492667Samp13Line13,2021107085755,Gpp_500m,F,F,F,F,F,F,F,F,F,F,F,F,F,F,F,F,F,F,F,F,F,F,F,F,F,F,F,F,F,F,F,F,F,F,F,F,F,F,F,F,F,F,F,F,F,F,F,F,F,F,F,F,F,F,F,F,F,F,F,F,F,F,F,F,F,F,F,F,F,F,F,F,F,F,F,F,F,F,F,F,F,F,F,F,F,F,F,F,F,F,F,F,F,F,F,F,F,F,F,F,F,F,F,F,F,F,F,F,F,F,F,F,F,F,F,F,F,F,F,F,F,F,F,F,F,F,F,F,F,F,F,F,F,F,F,F,F,F,F,F,F,F,F,F,F,F,F,F,F,F,F,F,F,F,F,F,F,F,F,F,F,F,F,F,F,F,F,F,F
MOD17A2H.A2021105.h12v02.006.2021114065930.Gpp_500m,MOD17A2H,A2021105,Lat66.02328333Lon-137.2492667Samp13Line13,2021114065930,Gpp_500m,F,F,F,F,F,F,F,F,F,F,F,F,F,F,F,F,F,F,F,F,F,F,F,F,F,F,F,F,F,F,F,F,F,F,F,F,F,F,F,F,F,F,F,F,F,F,F,F,F,F,F,F,F,F,F,F,F,F,F,F,F,F,F,F,F,F,F,F,F,F,F,F,F,F,F,F,F,F,F,F,F,F,F,F,F,F,F,F,F,F,F,F,F,F,F,F,F,F,F,F,F,F,F,F,F,F,F,F,F,F,F,F,F,F,F,F,F,F,F,F,F,F,F,F,F,F,F,F,F,F,F,F,F,F,F,F,F,F,F,F,F,F,F,F,F,F,F,F,F,F,F,F,F,F,F,F,F,F,F,F,F,F,F,F,F,F,F,F,F
MOD17A2H.A2021113.h12v02.006.2021122085203.Gpp_500m,MOD17A2H,A2021113,Lat66.02328333Lon-137.2492667Samp13Line13,2021122085203,Gpp_500m,0.0007,0.0007,0.0008,0.0005,0.0005,F,0.0005,0.0005,0.0008,0.0005,0.0004,F,F,0.0003,0.0005,F,F,F,0.0005,0.0005,F,0.0004,0.0004,F,F,0.0004,F,F,F,F,0.0005,0.0004,0.0004,0.0004,F,F,F,0.0004,F,0.0005,0.0007,0.0005,F,F,F,F,F,F,F,F,F,F,0.0005,F,F,F,F,F,F,F,F,F,F,F,F,0.0004,F,F,0.0008,0.0004,F,F,F,F,F,F,F,F,F,F,F,F,F,F,F,F,F,F,F,F,F,F,F,F,F,F,F,F,F,F,F,F,F,F,F,F,F,F,F,F,F,F,F,F,F,F,F,F,F,F,F,F,F,F,F,F,F,F,F,F,F,F,F,F,F,F,F,F,F,F,F,F,F,F,F,F,F,F,F,F,F,F,F,F,F,F,F,F,F,F,F,F,F,F,F,F,F,F,F
MOD17A2H.A2021121.h12v02.006.2021130045532.Gpp_500m,MOD17A2H,A2021121,Lat66.02328333Lon-137.2492667Samp13Line13,2021130045532,Gpp_500m,0.0023,0.0038,0.0036,0.0014,0.002,0.001,0.0014,0.0014,0.0014,0.0013,0.0018,0.0007,0.0007,0.0033,0.001,0.0007,0.0014,0.0016,0.0014,0.0013,0.0014,0.0007,0.0012,0.0012,0.0012,0.0008,0.0008,0.0007,0.0013,0.0013,0.0013,0.0014,0.0014,0.003,0.0027,0.0012,0.0013,0.0008,0.0007,0.0022,0.0006,0.0018,0.0014,0.0025,0.0028,0.0027,0.0014,0.0007,0.0008,0.0007,F,F,0.0012,0.0008,0.0023,0.0028,0.0022,0.0022,0.0022,0.0014,0.0014,0.0007,0.0007,0.0007,0.0007,0.003,0.0028,0.0022,0.0022,0.0022,0.0022,0.0012,0.0007,0.0007,F,F,0.0012,0.0012,0.0009,0.0009,0.0014,0.0012,0.0007,0.0007,0.0014,0.0014,F,0.0007,0.0007,0.0007,0.0007,0.0007,F,F,0.0007,0.0007,0.0019,0.0012,0.0007,0.0007,0.0012,0.0007,F,0.0007,F,0.0007,0.0007,0.0007,0.0007,0.0012,0.0012,0.0014,0.0009,0.0009,0.0007,F,F,F,0.0007,0.0007,0.0007,0.0007,0.0014,0.0022,0.0014,0.0012,0.0014,F,F,F,F,F,0.0007,0.0012,0.0014,0.0019,0.0009,0.0014,0.0007,F,F,F,0.0007,F,F,0.0007,0.0007,F,F,F,F,F,F,F,F,0.0007,0.0007,0.0007,0.0007,0.0007,F,0.0007,0.0007,F,0.0007,F,F,0.0007,0.0009
MOD17A2H.A2021129.h12v02.006.2021138070217.Gpp_500m,MOD17A2H,A2021129,Lat66.02328333Lon-137.2492667Samp13Line13,2021138070217,Gpp_500m,0.0073,0.0073,0.0068,0.0068,0.0064,0.0066,0.0066,0.0057,0.0057,0.0048,0.0047,0.0038,0.0047,0.0067,0.0057,0.0048,0.0059,0.0038,0.0039,0.0051,0.0038,0.0038,0.0054,0.0079,0.0067,0.0057,0.0049,0.0057,0.0038,0.0057,0.0051,0.0067,0.0076,0.0076,0.0072,0.0067,0.0062,0.0047,0.0047,0.0076,0.0066,0.0067,0.0067,0.0076,0.0074,0.0072,0.0064,0.0054,0.0062,0.0048,0.0039,0.0039,0.0062,0.0064,0.0067,0.0071,0.0067,0.0064,0.0076,0.0064,0.0057,0.0065,0.0041,0.0047,0.005,0.0067,0.0071,0.0066,0.0067,0.0076,0.007,0.0056,0.0047,0.005,0.0028,0.0048,0.0076,0.0063,0.0067,0.0054,0.0062,0.005,0.0026,0.0038,0.0056,0.0063,0.0061,0.0051,0.008,0.0063,0.0063,0.0048,0.0036,0.0041,0.005,0.0054,0.0072,0.0072,0.0072,0.0086,0.0061,0.0056,0.0056,0.0044,0.0047,0.0054,0.005,0.0065,0.0067,0.0075,0.0066,0.0067,0.0072,0.0048,0.0048,0.0041,0.0048,0.005,0.0048,0.0051,0.0051,0.0066,0.0075,0.0071,0.0071,0.0067,0.0041,0.0056,0.0068,0.0068,0.0041,0.0051,0.0064,0.0061,0.0079,0.0079,0.0069,0.0056,0.0056,0.0068,0.007,0.0056,0.0062,0.0058,0.0048,0.0067,0.0066,0.0042,0.0035,0.0048,0.0062,0.0056,0.0042,0.0042,0.005,0.0066,0.0054,0.0048,0.0054,0.0042,0.0048,0.0066,0.0054,0.0055,0.0056,0.0056,0.0048,0.005,0.0063
MOD17A2H.A2021137.h12v02.006.2021146103314.Gpp_500m,MOD17A2H,A2021137,Lat66.02328333Lon-137.2492667Samp13Line13,2021146103314,Gpp_500m,0.0121,0.013,0.0123,0.0162,0.0132,0.0114,0.0119,0.0114,0.0122,0.0104,0.0096,0.0109,0.0096,0.0132,0.0106,0.0104,0.0148,0.0148,0.0136,0.0096,0.0096,0.0096,0.0096,0.0134,0.0134,0.0131,0.0132,0.0132,0.0114,0.0106,0.0112,0.0104,0.0123,0.0148,0.0134,0.0123,0.0131,0.0096,0.0096,0.0119,0.0122,0.0112,0.0122,0.0122,0.0134,0.0131,0.0123,0.0112,0.0123,0.0096,0.0112,0.0112,0.0122,0.0123,0.0133,0.0123,0.013,0.0131,0.0131,0.0158,0.0118,0.0112,0.0141,0.0105,0.0105,0.0115,0.0134,0.0123,0.0143,0.0131,0.0116,0.0124,0.0143,0.0117,0.0117,0.0106,0.0117,0.0117,0.0153,0.0153,0.0116,0.011,0.011,0.011,0.0134,0.013,0.0111,0.0143,0.0117,0.0117,0.0134,0.0096,0.0096,0.0106,0.0123,0.0134,0.013,0.0123,0.0117,0.0117,0.0134,0.0134,0.0111,0.0107,0.0112,0.0123,0.0112,0.0123,0.0125,0.0117,0.0117,0.0134,0.013,0.0125,0.0129,0.0135,0.0117,0.0134,0.0112,0.0117,0.0112,0.0112,0.0117,0.013,0.0125,0.0129,0.0135,0.0158,0.0138,0.0138,0.0112,0.0117,0.0125,0.0112,0.0125,0.0123,0.0125,0.0125,0.015,0.0135,0.0123,0.0129,0.0147,0.0147,0.0149,0.0131,0.0117,0.0125,0.0129,0.0107,0.0135,0.0123,0.0125,0.0125,0.0111,0.0111,0.0141,0.0112,0.0112,0.0102,0.0129,0.012,0.012,0.0112,0.0135,0.0147,0.0117,0.0113,0.0132
MOD17A2H.A2021145.h12v02.006.2021154062807.Gpp_500m,MOD17A2H,A2021145,Lat66.02328333Lon-137.2492667Samp13Line13,2021154062807,Gpp_500m,0.0065,0.0073,0.0068,0.0065,0.0053,0.0058,0.0061,0.0061,0.0057,0.0058,0.0053,0.0053,0.0061,0.0068,0.0061,0.0064,0.0068,0.0072,0.0063,0.0057,0.0057,0.0061,0.0055,0.0067,0.0058,0.0064,0.0064,0.0064,0.0064,0.0061,0.0061,0.0061,0.0067,0.0067,0.0064,0.0058,0.0067,0.0055,0.0048,0.0064,0.0065,0.0058,0.0067,0.0073,0.0073,0.0064,0.0064,0.0068,0.0055,0.0096,0.0066,0.0076,0.0071,0.0078,0.0078,0.0073,0.0067,0.0067,0.0067,0.0079,0.0096,0.0096,0.0085,0.0079,0.0066,0.0078,0.0101,0.0086,0.0094,0.0081,0.0069,0.0096,0.0085,0.0079,0.0079,0.0069,0.0069,0.0069,0.0078,0.0085,0.0081,0.0066,0.0065,0.0058,0.0079,0.0076,0.0076,0.0074,0.0068,0.0069,0.0068,0.0079,0.0061,0.006,0.0058,0.0081,0.0083,0.0081,0.0079,0.0068,0.0068,0.0079,0.0069,0.0069,0.0065,0.0067,0.0053,0.0057,0.0059,0.0079,0.0079,0.0074,0.0081,0.0085,0.0073,0.0072,0.0082,0.0045,0.0053,0.0059,0.0079,0.0068,0.0081,0.0086,0.0085,0.0082,0.0082,0.0089,0.0082,0.0079,0.0059,0.0063,0.0068,0.0074,0.0086,0.0085,0.0085,0.0079,0.0089,0.0089,0.0082,0.0082,0.0082,0.0082,0.0074,0.0085,0.0075,0.0069,0.0079,0.0079,0.0075,0.0068,0.0069,0.0082,0.0079,0.0046,0.0079,0.0079,0.0069,0.0074,0.0074,0.0082,0.0058,0.0069,0.0069,0.0059,0.0053,0.0058,0.0053
MOD17A2H.A2021153.h12v02.006.2021162070903.Gpp_500m,MOD17A2H,A2021153,Lat66.02328333Lon-137.2492667Samp13Line13,2021162070903,Gpp_500m,0.0208,0.0208,0.0211,0.0192,0.0192,0.0199,0.0178,0.0174,0.0168,0.0165,0.0165,0.0143,0.0139,0.0185,0.0184,0.0192,0.0238,0.0215,0.0205,0.0165,0.0165,0.0165,0.0127,0.0146,0.0164,0.0143,0.018,0.0178,0.0178,0.0178,0.0184,0.0184,0.0184,0.0173,0.0173,0.0177,0.0177,0.0143,0.0131,0.0178,0.0178,0.0184,0.0184,0.0184,0.0177,0.0196,0.0177,0.0177,0.0143,0.0131,0.0142,0.0131,0.0178,0.0184,0.0177,0.0187,0.0187,0.0183,0.0183,0.0143,0.0131,0.0124,0.0124,0.0145,0.0166,0.0139,0.0207,0.0187,0.0183,0.0135,0.0162,0.0149,0.0131,0.0142,0.0145,0.0166,0.0157,0.0154,0.0135,0.0131,0.0135,0.0131,0.0108,0.0131,0.0124,0.0131,0.0161,0.0138,0.0143,0.0166,0.0161,0.0131,0.0108,0.0145,0.0145,0.0149,0.0139,0.0163,0.0161,0.0143,0.0195,0.0154,0.0161,0.013,0.0149,0.0139,0.0126,0.0182,0.0206,0.0175,0.0197,0.0156,0.0138,0.0166,0.0134,0.0134,0.013,0.0149,0.0154,0.0157,0.0175,0.0197,0.0143,0.0143,0.0142,0.0134,0.013,0.0142,0.0155,0.0147,0.0157,0.0189,0.0166,0.0143,0.0161,0.0142,0.0134,0.0144,0.0208,0.0208,0.0196,0.0182,0.0182,0.0185,0.0142,0.0148,0.0148,0.0142,0.0183,0.0183,0.0183,0.0196,0.0171,0.0177,0.0177,0.0174,0.0142,0.0134,0.0162,0.0162,0.0161,0.0183,0.0162,0.0166,0.0165,0.0182,0.0171,0.0171,0.0171
MOD17A2H.A2021161.h12v02.006.2021170060237.Gpp_500m,MOD17A2H,A2021161,Lat66.02328333Lon-137.2492667Samp13Line13,2021170060237,Gpp_500m,0.0411,0.0411,0.0416,0.0436,0.0399,0.0382,0.0399,0.0457,0.0482,0.0457,0.0434,0.0407,0.0369,0.0373,0.0386,0.0381,0.0503,0.0521,0.0537,0.04,0.04,0.0446,0.0407,0.0434,0.0435,0.0395,0.0381,0.0382,0.0382,0.0431,0.047,0.0433,0.0446,0.0454,0.0425,0.0401,0.0395,0.042,0.0395,0.04,0.0445,0.0433,0.04,0.0407,0.0434,0.0401,0.0401,0.0395,0.0383,0.0364,0.0375,0.0358,0.04,0.0357,0.04,0.0388,0.0401,0.0401,0.0401,0.0434,0.046,0.0389,0.0377,0.0377,0.0383,0.04,0.0388,0.0388,0.0454,0.042,0.0408,0.046,0.0408,0.0358,0.0377,0.0383,0.0389,0.0396,0.0388,0.0401,0.037,0.0383,0.0352,0.0383,0.0383,0.0377,0.0364,0.0384,0.0396,0.0384,0.0371,0.0364,0.0364,0.034,0.037,0.0383,0.0408,0.0401,0.0402,0.0396,0.0377,0.0358,0.0353,0.0353,0.0364,0.037,0.0364,0.0364,0.0389,0.0402,0.0402,0.039,0.0384,0.0384,0.0365,0.0365,0.0359,0.0352,0.0364,0.037,0.0377,0.0384,0.0377,0.0377,0.0384,0.0384,0.0371,0.0371,0.0359,0.0385,0.037,0.0352,0.037,0.0384,0.0377,0.0377,0.0371,0.0371,0.0384,0.0365,0.0372,0.0372,0.0385,0.0352,0.0384,0.0384,0.0353,0.0334,0.0359,0.0353,0.0346,0.0347,0.0372,0.0366,0.0372,0.0366,0.0353,0.0326,0.0334,0.032,0.0327,0.0341,0.0347,0.0341,0.0347,0.0354,0.0412,0.0373,0.0378
MOD17A2H.A2021169.h12v02.006.2021178072227.Gpp_500m,MOD17A2H,A2021169,Lat66.02328333Lon-137.2492667Samp13Line13,2021178072227,Gpp_500m,0.055,0.0501,0.055,0.055,0.0564,0.0523,0.055,0.0586,0.0581,0.0544,0.0531,0.0454,0.0496,0.0523,0.0523,0.0516,0.065,0.0669,0.0709,0.0496,0.0564,0.0467,0.0496,0.0517,0.0531,0.0517,0.0516,0.0495,0.0467,0.0467,0.0601,0.0601,0.0565,0.0544,0.0531,0.0509,0.0497,0.0467,0.0467,0.0523,0.0523,0.0573,0.0531,0.0502,0.0503,0.0496,0.0497,0.046,0.0454,0.0454,0.0467,0.0446,0.046,0.046,0.0502,0.0503,0.0489,0.0475,0.0517,0.049,0.0505,0.0467,0.0467,0.0439,0.0461,0.0531,0.0496,0.0496,0.049,0.0524,0.0524,0.0505,0.0505,0.0439,0.0439,0.0454,0.0462,0.0462,0.0496,0.049,0.0467,0.0431,0.0424,0.0446,0.0475,0.0475,0.0454,0.0454,0.0454,0.0454,0.0447,0.046,0.046,0.0403,0.0446,0.0467,0.0475,0.0439,0.0462,0.0462,0.0462,0.0447,0.0447,0.0447,0.0461,0.0461,0.0467,0.0468,0.0454,0.0447,0.0447,0.0505,0.0497,0.0498,0.0447,0.0447,0.0427,0.0425,0.0431,0.0411,0.0447,0.0497,0.0497,0.0505,0.0469,0.0469,0.0469,0.0469,0.0462,0.0434,0.0425,0.0475,0.0431,0.0497,0.0505,0.0462,0.0491,0.0505,0.0469,0.0475,0.0462,0.0455,0.0455,0.0497,0.0475,0.0475,0.0462,0.0462,0.049,0.049,0.0475,0.0476,0.0434,0.0434,0.042,0.0455,0.0475,0.0462,0.0462,0.0462,0.0454,0.0455,0.0455,0.0462,0.0463,0.0471,0.0471,0.0471,0.0491
MOD17A2H.A2021177.h12v02.006.2021188202600.Gpp_500m,MOD17A2H,A2021177,Lat66.02328333Lon-137.2492667Samp13Line13,2021188202600,Gpp_500m,0.0585,0.0593,0.0564,0.0564,0.052,0.0533,0.0334,0.0607,0.0607,0.0705,0.0689,0.0549,0.0557,0.0512,0.0467,0.0607,0.0646,0.0647,0.0762,0.0557,0.0534,0.0488,0.063,0.0615,0.0661,0.0571,0.0475,F,0.0474,0.0474,0.0557,0.0586,0.063,0.063,0.0638,0.0592,0.0571,0.0601,0.0571,0.035,0.0571,F,0.0638,0.0615,0.0615,0.0557,0.0541,0.0564,0.052,0.0497,0.0571,0.0549,0.0534,0.0614,0.0608,0.0609,0.0557,0.0571,0.0587,0.0571,0.0541,0.0549,0.0549,0.0542,0.0579,0.0608,0.0549,0.0557,0.0593,0.0622,0.0601,0.0622,0.0616,0.0549,0.0571,0.057,0.0548,0.0556,0.0549,0.0541,0.0506,0.0513,0.0528,0.0528,0.0542,0.0571,0.0542,0.0571,0.0541,0.0527,0.0512,0.0506,0.0513,0.0466,0.0497,0.0595,0.0565,0.0564,0.0564,0.0556,0.0512,0.0504,0.052,0.0556,0.0505,0.0557,0.0549,0.052,0.0542,0.0528,0.0564,0.0556,0.0527,0.0512,0.0504,0.0527,0.0489,0.0542,0.0513,0.052,0.0528,0.0519,0.052,0.052,0.0556,0.0542,0.0542,0.0504,0.0526,0.0525,0.052,0.0497,0.052,0.0542,0.0527,0.0542,0.0527,0.0542,0.0535,0.0497,0.0518,0.0534,0.0534,0.0512,0.0542,0.0565,0.0535,0.0519,0.0496,0.0467,0.0497,0.0511,0.0503,0.0511,0.0511,0.0518,0.0496,0.0496,0.0466,0.0474,0.0467,0.0431,0.0431,0.0437,0.0511,0.0511,0.0518,0.0511,0.0518
MOD17A2H.A2021185.h12v02.006.2021194075305.Gpp_500m,MOD17A2H,A2021185,Lat66.02328333Lon-137.2492667Samp13Line13,2021194075305,Gpp_500m,0.0465,0.0465,0.047,0.047,F,0.0409,0.0338,0.0498,0.0518,0.0526,0.0442,0.0448,0.0387,0.0444,0.0432,0.0304,0.0532,0.0532,0.0622,0.047,0.0431,0.0463,0.0441,0.0426,0.0353,0.037,0.0427,0.0403,0.0403,0.0448,0.0514,0.0431,0.0485,0.0441,0.043,0.021,0.031,0.0425,0.0385,0.0426,0.0459,0.0403,0.0453,0.0453,0.0463,0.0463,0.0425,0.0458,0.043,0.0425,0.0425,0.0425,0.0459,0.0398,0.0453,0.0398,0.0392,0.0408,0.0266,0.047,0.0451,0.043,0.0419,0.0436,0.0447,0.0441,0.0441,0.0425,0.0408,0.0408,0.0331,0.0485,0.043,0.0419,0.0414,0.0436,0.044,0.0436,0.031,0.0403,0.0155,0.0331,0.0397,0.0414,0.0425,0.0441,0.0419,0.0426,0.044,0.044,0.0424,0.0436,0.0382,0.0381,0.0414,0.0414,0.0419,0.0426,0.0426,0.0436,0.0436,0.0429,0.0424,0.0436,0.0407,0.0414,0.0402,0.0419,0.0419,0.0426,0.0419,0.0419,0.0419,0.0429,0.0429,0.0415,0.0371,0.0402,0.0429,0.0407,0.0398,0.0429,0.0419,0.0424,0.0436,0.0385,0.0392,0.0371,0.0352,0.0371,0.0402,0.0407,0.0419,0.0424,0.0424,0.0424,0.0418,0.0363,0.0358,0.0352,0.0363,0.0392,0.0392,0.0407,0.0424,0.0419,0.0401,0.0418,0.0385,0.0397,0.0397,0.0415,0.0392,0.0392,0.0396,0.0396,0.0419,0.0401,0.0401,0.0401,0.0401,0.0418,0.0415,0.0414,0.0414,0.0414,0.0396,0.0386,0.0401
MOD17A2H.A2021193.h12v02.006.2021214223719.Gpp_500m,MOD17A2H,A2021193,Lat66.02328333Lon-137.2492667Samp13Line13,2021214223719,Gpp_500m,0.0499,0.0487,0.058,0.0512,0.0479,0.0468,0.0524,0.0554,0.0547,0.0492,0.0554,0.0505,0.0468,0.0462,0.0462,0.0462,0.0599,0.0617,0.0683,0.0499,0.0492,0.0475,0.0474,0.0511,0.0498,0.0498,0.0462,0.0462,0.0468,0.0524,0.0468,0.0517,0.0492,0.0517,0.0492,0.0498,0.0487,0.0479,0.0473,0.0524,0.0524,0.0479,0.0344,0.0499,0.0499,0.0492,0.046,0.046,0.0438,0.0459,0.0443,0.0444,0.0432,0.0468,0.0492,0.0499,0.0474,0.0474,0.0511,0.054,0.046,0.0455,0.0444,0.0461,0.0468,0.0492,0.0457,0.0492,0.0492,0.0518,0.054,0.0492,0.0492,0.0444,0.0461,0.0468,0.0468,0.051,0.0456,0.045,0.0487,0.045,0.0412,0.0444,0.0444,0.0461,0.0448,0.0461,0.051,0.0498,0.0455,0.0459,0.0459,0.0424,0.0444,0.048,0.0461,0.0492,0.0455,0.0468,0.048,0.0455,0.0448,0.0461,0.0424,0.045,0.045,0.0449,0.0492,0.0455,0.0468,0.0461,0.0469,0.0468,0.0461,0.0455,0.0425,0.0425,0.0511,0.0455,0.0431,0.0461,0.0461,0.0469,0.0468,0.0461,0.0461,0.0454,0.0437,0.0442,0.0425,0.0448,0.0461,0.0461,0.0455,0.0461,0.0461,0.0466,0.0437,0.0442,0.0437,0.0425,0.0442,0.0444,0.0455,0.0437,0.0461,0.0437,0.043,0.0418,0.0418,0.0418,0.0412,0.0437,0.0436,0.0436,0.043,0.0418,0.0406,0.0412,0.0418,0.0437,0.0447,0.0412,0.0436,0.0448,0.0448,0.0442,0.0436
MOD17A2H.A2021201.h12v02.006.2021215000201.Gpp_500m,MOD17A2H,A2021201,Lat66.02328333Lon-137.2492667Samp13Line13,2021215000201,Gpp_500m,0.0428,0.0434,0.0444,0.0423,0.0451,0.0438,0.0435,0.0451,0.0495,0.0495,0.037,0.0397,0.0414,0.0423,0.0406,0.0401,0.0562,0.0562,0.0583,0.0435,0.0451,0.0369,0.0406,0.0451,0.0445,0.043,0.0406,0.0406,0.0451,0.0385,0.0451,0.0489,0.0468,0.0455,0.0451,0.0439,0.0434,0.0423,0.0401,0.0451,0.0472,0.0423,0.0489,0.0423,0.0455,0.0451,0.045,0.044,0.0414,0.0434,0.0402,0.0397,0.038,0.0414,0.0439,0.0455,0.0451,0.0462,0.0468,0.0468,0.0477,0.043,0.0397,0.0408,0.0412,0.0468,0.0436,0.0451,0.045,0.0468,0.0468,0.0477,0.043,0.0397,0.038,0.0402,0.0409,0.0494,0.0418,0.0434,0.0414,0.0407,0.0423,0.037,0.043,0.0463,0.0396,0.0391,0.0424,0.0495,0.0403,0.0414,0.0392,0.0392,0.0418,0.0397,0.0418,0.0396,0.0418,0.0472,0.0425,0.0418,0.041,0.0403,0.0407,0.0418,0.0391,0.038,0.0374,0.0409,0.0418,0.0418,0.0429,0.0425,0.0425,0.0381,0.0382,0.0402,0.037,0.0374,0.0386,0.0409,0.0409,0.0418,0.0425,0.0409,0.0403,0.0396,0.0391,0.0396,0.0374,0.0376,0.0409,0.0414,0.0425,0.0396,0.0392,0.0403,0.0409,0.0387,0.0396,0.0396,0.0396,0.0381,0.0463,0.0396,0.0403,0.0392,0.0391,0.0365,0.0387,0.0375,0.0375,0.0375,0.037,0.037,0.0381,0.0365,0.0375,0.0365,0.0353,0.036,0.0369,0.0375,0.0369,0.0382,0.0382,0.0376,0.0388
MOD17A2H.A2021209.h12v02.006.2021221210000.Gpp_500m,MOD17A2H,A2021209,Lat66.02328333Lon-137.2492667Samp13Line13,2021221210000,Gpp_500m,0.046,0.046,0.0438,0.0397,0.046,0.0407,0.0401,0.0502,0.0482,0.0466,0.0418,0.0436,0.0381,0.0397,0.0397,0.0381,0.0528,0.0549,0.0558,0.0402,0.0402,0.0402,0.0424,0.045,0.045,0.042,0.0392,0.0392,0.0381,0.0386,0.0476,0.0476,0.0466,0.0408,0.0408,0.0424,0.0424,0.0398,0.0444,0.047,0.0461,0.0456,0.045,0.0418,0.0398,0.0398,0.0392,0.0398,0.0403,0.0444,0.0392,0.0381,0.0386,0.0418,0.0402,0.0398,0.0398,0.042,0.0444,0.0403,0.0409,0.0403,0.0372,0.0387,0.0392,0.043,0.0386,0.0413,0.0439,0.0444,0.0456,0.0456,0.0424,0.0372,0.0383,0.0378,0.0383,0.0393,0.0413,0.0413,0.0424,0.0392,0.0355,0.0366,0.0387,0.0392,0.0366,0.0366,0.0403,0.0398,0.0398,0.0392,0.0371,0.0352,0.0366,0.0414,0.0387,0.0387,0.0409,0.0424,0.0404,0.0398,0.0366,0.0389,0.0352,0.0378,0.0361,0.0372,0.0387,0.0393,0.0373,0.0388,0.0389,0.0393,0.0389,0.0383,0.0366,0.0361,0.0372,0.0372,0.0373,0.0373,0.0378,0.0383,0.0393,0.0393,0.0393,0.0389,0.0425,0.0425,0.0378,0.0366,0.0378,0.0383,0.0398,0.0393,0.0389,0.0417,0.0417,0.0399,0.0383,0.0399,0.0399,0.0366,0.0373,0.0398,0.0389,0.0373,0.0399,0.0377,0.0361,0.0366,0.0377,0.0426,0.0362,0.0373,0.0373,0.0361,0.0366,0.0361,0.0361,0.0373,0.0389,0.0389,0.0389,0.0373,0.0367,0.0367,0.0373
MOD17A2H.A2021217.h12v02.006.2021226082400.Gpp_500m,MOD17A2H,A2021217,Lat66.02328333Lon-137.2492667Samp13Line13,2021226082400,Gpp_500m,0.0211,0.0205,0.0232,0.0202,0.0202,0.0047,0.0051,0.0063,0.0059,0.0063,0.0063,0.0196,0.0196,0.0202,0.0193,0.0196,0.0228,0.0232,0.0227,0.0048,0.0048,0.0039,0.0208,0.0226,0.0236,0.0221,0.0196,0.0199,0.0211,0.0186,0.0216,0.022,0.0227,0.0227,0.0226,0.0216,0.0208,0.0208,0.0204,0.0211,0.022,0.0178,0.022,0.0208,0.0224,0.0224,0.0202,0.0208,0.0198,0.0198,0.0208,0.0204,0.0178,0.0202,0.0202,0.0215,0.0202,0.0208,0.0208,0.0221,0.0198,0.0202,0.0202,0.0203,0.024,0.0208,0.0198,0.0198,0.0215,0.0215,0.0238,0.0238,0.0208,0.0193,0.0198,0.024,0.0233,0.0249,0.0208,0.0192,0.0196,0.0196,0.0175,0.019,0.019,0.0238,0.0236,0.0226,0.0226,0.0203,0.0198,0.0196,0.0185,0.0179,0.0179,0.0229,0.0229,0.0233,0.0233,0.0203,0.0203,0.0198,0.0196,0.0198,0.0193,0.019,0.0185,0.0236,0.0236,0.0222,0.0203,0.0196,0.0203,0.0204,0.0198,0.0196,0.0199,0.0221,0.0221,0.0208,0.0222,0.0192,0.0196,0.0196,0.0204,0.0204,0.0203,0.0199,0.0203,0.0203,0.0208,0.0185,0.0192,0.0196,0.0204,0.0204,0.0203,0.0203,0.0197,0.0197,0.0203,0.0192,0.0192,0.0184,0.0184,0.0204,0.0192,0.0191,0.0196,0.0187,0.0187,0.0182,0.0182,0.0187,0.0187,0.0186,0.0184,0.0184,0.0178,0.0169,0.0178,0.0178,0.0184,0.0185,0.0191,0.0191,0.0192,0.0191,0.0203
MOD17A2H.A2021225.h12v02.006.2021234075728.Gpp_500m,MOD17A2H,A2021225,Lat66.02328333Lon-137.2492667Samp13Line13,2021234075728,Gpp_500m,0.019,0.0206,0.0206,0.0239,0.0233,0.0226,0.0247,0.0259,0.0231,0.0223,0.0085,0.0241,0.0231,0.02,0.0221,0.0214,0.0268,0.0246,0.0223,0.0183,0.0223,0.0226,0.0248,0.0248,0.0248,0.0203,0.0214,0.0214,0.0223,0.0208,0.0183,0.0238,0.0249,0.0248,0.0224,0.0248,0.0197,0.0117,0.0092,0.0189,0.0208,0.0073,0.0163,0.0231,0.0231,0.0224,0.0188,0.0188,0.0118,0.0085,0.0078,0.0078,0.006,0.0067,0.0067,0.0231,0.019,0.0172,0.0133,0.0086,0.0085,0.006,0.0058,0.0073,0.0056,0.0069,0.0163,0.0159,0.0159,0.0104,0.0086,0.0068,0.0068,F,0.0058,0.0056,0.0056,0.0056,0.0172,0.0163,0.014,0.0104,0.0064,F,F,F,0.0058,0.0058,0.0061,0.0074,0.0074,0.0122,0.008,0.0081,F,F,0.0029,0.0058,0.0046,0.0067,0.0056,0.0074,0.0074,0.007,0.0081,0.0043,0.0058,F,0.0046,0.0046,0.0058,0.0056,0.0085,0.0065,0.0056,0.0056,0.0056,0.0058,0.0067,0.0056,0.0056,0.0058,0.0069,0.0064,0.0061,0.0058,0.0056,0.0056,0.0058,0.0058,0.0058,0.0064,0.0069,0.0056,0.0085,0.0074,0.0056,0.0061,0.0074,0.0061,0.0085,0.0057,0.0092,0.0056,0.0056,0.0061,0.0085,0.007,0.007,0.0091,0.0096,0.0085,0.0083,0.0083,0.0099,0.0099,0.0091,0.0091,0.0091,0.0091,0.007,0.0096,0.0099,0.0092,0.0092,0.009,0.0092,0.0092,0.0091
MOD17A2H.A2021233.h12v02.006.2021243185053.Gpp_500m,MOD17A2H,A2021233,Lat66.02328333Lon-137.2492667Samp13Line13,2021243185053,Gpp_500m,0.0137,0.0122,0.0118,0.0105,0.0088,0.0115,0.0107,0.0102,0.0127,0.0094,0.0094,0.0103,0.0101,0.0102,0.0088,0.0088,0.0121,0.0121,0.0133,0.0088,0.0095,0.0103,0.0107,0.0116,0.0116,0.0101,0.0093,0.0095,0.0088,0.0088,0.0095,0.0111,0.011,0.0126,0.0126,0.0102,0.0083,0.0083,0.0087,0.0077,0.0077,0.0079,0.0111,0.0113,0.0113,0.0087,0.0075,0.0083,0.0075,0.0083,0.0087,0.0087,0.0084,0.0107,0.0107,0.0107,0.0087,0.0101,0.0094,0.0112,0.0083,0.0083,0.0083,0.0087,0.01,0.0115,0.009,0.0094,0.0101,0.011,0.01,0.0112,0.009,0.0094,0.0087,0.009,0.01,0.0094,0.0094,0.009,0.0094,0.01,0.0087,0.0083,0.0094,0.0103,0.009,0.0087,0.0094,0.0086,0.0081,0.0094,0.0094,0.009,0.009,0.0087,0.0081,0.009,0.0087,0.0087,0.0087,0.0082,0.0082,0.0087,0.009,0.0087,0.0083,0.0081,0.0087,0.0078,0.0087,0.0086,0.0086,0.0087,0.0082,0.0082,0.0082,0.0081,0.0076,0.0081,0.0078,0.0086,0.0086,0.0086,0.0087,0.0089,0.0082,0.0087,0.0087,0.0086,0.0087,0.0078,0.0081,0.0078,0.0087,0.0086,0.0082,0.0086,0.0087,0.0087,0.0086,0.0087,0.0086,0.0083,0.0086,0.0086,0.0086,0.0082,0.0082,0.0086,0.0082,0.0086,0.0086,0.0082,0.0081,0.0082,0.0082,0.0081,0.0081,0.0076,0.0086,0.0086,0.0086,0.0086,0.0086,0.0086,0.0086,0.0086,0.0086
MOD17A2H.A2021241.h12v02.006.2021251121959.Gpp_500m,MOD17A2H,A2021241,Lat66.02328333Lon-137.2492667Samp13Line13,2021251121959,Gpp_500m,0.0156,0.0142,0.0124,0.0134,0.0132,0.0129,0.0129,0.0169,0.0169,0.0156,0.0156,0.0156,0.0138,0.0134,0.0134,0.0134,0.0164,0.0164,0.0164,0.0111,0.0109,0.0144,0.0156,0.0159,0.0129,0.0139,0.0138,0.0132,0.0121,0.0144,0.0138,0.0138,0.0144,0.0163,0.0147,0.0139,0.0138,0.0132,0.0132,0.0139,0.0156,0.0123,0.0151,0.0151,0.0165,0.0139,0.0139,0.0139,0.0138,0.013,0.0138,0.013,0.0135,0.0144,0.0144,0.0139,0.0139,0.0139,0.016,0.016,0.0165,0.0138,0.0139,0.0139,0.0139,0.0156,0.0138,0.0139,0.0144,0.0154,0.0154,0.0165,0.0139,0.0125,0.0139,0.0132,0.0144,0.0151,0.0139,0.0129,0.0121,0.0132,0.0107,0.0123,0.0135,0.0139,0.0132,0.0115,0.0115,0.0117,0.014,0.0121,0.0121,0.0116,0.0138,0.013,0.0152,0.0144,0.0129,0.0115,0.0111,0.0124,0.0111,0.0111,0.0129,0.0138,0.0129,0.0123,0.0138,0.0121,0.0115,0.0117,0.0117,0.013,0.013,0.0111,0.0114,0.0117,0.013,0.0135,0.0117,0.0102,0.0117,0.014,0.0144,0.013,0.0144,0.0144,0.0149,0.0126,0.0135,0.0117,0.0099,0.0115,0.013,0.0144,0.0144,0.0132,0.0132,0.0149,0.0144,0.014,0.014,0.0099,0.0117,0.0118,0.0138,0.0115,0.0118,0.0132,0.0118,0.013,0.0129,0.0126,0.0102,0.0111,0.0118,0.0102,0.01,0.0118,0.01,0.0118,0.0138,0.0139,0.0126,0.0126,0.0129,0.0129,0.0129
MOD17A2H.A2021249.h12v02.006.2021258065347.Gpp_500m,MOD17A2H,A2021249,Lat66.02328333Lon-137.2492667Samp13Line13,2021258065347,Gpp_500m,0.0144,0.015,0.0138,0.0123,0.0123,0.0111,0.0111,0.0135,0.0105,0.0122,0.0132,0.0122,0.0122,0.012,0.0122,0.0122,0.0153,0.015,0.0115,0.0121,0.0103,0.0113,0.0147,0.0147,0.0135,0.013,0.0122,0.0123,0.0129,0.0136,0.0126,0.0129,0.0135,0.0147,0.0147,0.0135,0.0135,0.0113,0.0113,0.0144,0.0138,0.0126,0.0123,0.0138,0.0147,0.0147,0.0123,0.0135,0.0132,0.0121,0.0126,0.0115,0.0123,0.0135,0.0132,0.0135,0.0121,0.0136,0.0138,0.0145,0.0138,0.0126,0.0121,0.0122,0.0115,0.0132,0.0126,0.0147,0.0138,0.0138,0.0145,0.0145,0.0115,0.0122,0.0124,0.0115,0.0128,0.013,0.0115,0.0143,0.0121,0.0103,0.0121,0.0115,0.0137,0.0137,0.0124,0.0122,0.0124,0.0128,0.0128,0.0121,0.0113,0.0115,0.0115,0.0132,0.0137,0.0139,0.0141,0.0132,0.0128,0.0128,0.0122,0.0114,0.0122,0.0122,0.0113,0.0114,0.0115,0.0141,0.0132,0.0128,0.0133,0.0143,0.0128,0.0116,0.013,0.0113,0.0115,0.0115,0.0121,0.0116,0.0122,0.0138,0.0143,0.0143,0.0143,0.0149,0.0151,0.0145,0.0121,0.0116,0.0116,0.0113,0.0128,0.0141,0.0138,0.0128,0.0149,0.0138,0.0128,0.013,0.0121,0.0124,0.0122,0.0128,0.0141,0.0116,0.0104,0.0122,0.0114,0.0121,0.013,0.0106,0.0106,0.0107,0.0125,0.0109,0.0103,0.0104,0.0106,0.0106,0.0117,0.0114,0.0106,0.0113,0.0113,0.0107,0.0122
MOD17A2H.A2021257.h12v02.006.2021315043651.Gpp_500m,MOD17A2H,A2021257,Lat66.02328333Lon-137.2492667Samp13Line13,2021315043651,Gpp_500m,0.0051,0.0066,0.0072,0.0051,0.0047,0.0042,0.0046,0.0035,0.0044,0.0047,0.0055,0.0056,0.0063,0.0042,0.005,0.0053,0.0056,0.0044,0.0051,0.0041,0.0044,0.0055,0.0069,0.007,0.0066,0.0063,0.0053,0.0046,0.0041,0.0051,0.0047,0.0051,0.0053,0.0063,0.007,0.0058,0.0061,0.005,0.005,0.0051,0.0051,0.0051,0.0046,0.0056,0.0062,0.007,0.0056,0.0056,0.0056,0.0056,0.0054,0.0055,0.0069,0.0069,0.0056,0.0062,0.0062,0.0062,0.0062,0.0067,0.0063,0.0054,0.0055,0.0056,0.0056,0.0063,0.0063,0.0063,0.0067,0.0056,0.0067,0.0063,0.0051,0.0051,0.0056,0.0051,0.0063,0.0069,0.0063,0.0067,0.0055,0.005,0.0046,0.0056,0.0063,0.0063,0.0063,0.0062,0.0062,0.0063,0.0063,0.0059,0.0051,0.0062,0.0062,0.0063,0.0063,0.0069,0.0063,0.0063,0.0063,0.0063,0.0056,0.005,0.0051,0.0062,0.0056,0.0056,0.0056,0.0062,0.0056,0.0063,0.0063,0.0069,0.0063,0.0055,0.0071,0.0051,0.0056,0.0056,0.0062,0.0056,0.0063,0.0063,0.0063,0.0071,0.0056,0.0064,0.0064,0.005,0.0056,0.0056,0.0062,0.0055,0.0058,0.0064,0.0071,0.0071,0.0062,0.0056,0.0052,0.005,0.0047,0.0062,0.0062,0.0069,0.0055,0.0052,0.0055,0.005,0.0051,0.005,0.0047,0.0041,0.0053,0.006,0.0069,0.0064,0.0052,0.0055,0.0056,0.0056,0.005,0.0045,0.005,0.005,0.005,0.0055,0.0053
MOD17A2H.A2021265.h12v02.006.2021316183417.Gpp_500m,MOD17A2H,A2021265,Lat66.02328333Lon-137.2492667Samp13Line13,2021316183417,Gpp_500m,F,F,F,F,F,F,F,F,0,F,F,F,F,F,F,F,F,F,F,F,F,F,F,F,F,F,F,F,F,F,F,F,F,F,F,F,F,F,F,F,F,F,F,F,F,F,F,F,F,F,F,F,F,F,F,F,F,F,F,F,F,F,F,F,F,F,F,F,F,F,F,F,F,F,F,F,F,F,F,F,F,F,F,F,F,F,F,F,F,0,0,F,F,F,F,F,F,F,F,F,0,0,F,0,F,F,F,F,F,F,F,F,0,F,0,0,0,F,F,F,F,F,F,F,0,F,F,0,F,0,F,F,0,0,0,0,0,0,0,0,0,F,0,0,F,F,F,F,F,F,F,F,F,0,0,0,F,F,F,F,F,F,F,F,F,F,0,F,F
MOD17A2H.A2021273.h12v02.006.2021316225223.Gpp_500m,MOD17A2H,A2021273,Lat66.02328333Lon-137.2492667Samp13Line13,2021316225223,Gpp_500m,F,F,F,F,F,F,F,F,F,F,F,F,F,F,F,F,F,F,F,F,F,F,F,F,F,F,F,F,F,F,F,F,F,F,F,F,F,F,F,F,F,F,F,F,F,F,F,F,F,F,F,F,F,F,F,F,F,F,F,F,F,F,F,F,F,F,F,F,F,F,F,F,F,F,F,F,F,F,F,F,F,F,F,F,F,F,F,F,F,F,F,F,F,F,F,F,F,F,F,F,F,F,F,F,F,F,F,F,F,F,F,F,F,F,F,F,F,F,F,F,F,F,F,F,F,F,F,F,F,F,F,F,F,F,F,F,F,F,F,F,F,F,F,F,F,F,F,F,F,F,F,F,F,F,F,F,F,F,F,F,F,F,F,F,F,F,F,F,F
MOD17A2H.A2021281.h12v02.006.2021317015456.Gpp_500m,MOD17A2H,A2021281,Lat66.02328333Lon-137.2492667Samp13Line13,2021317015456,Gpp_500m,F,F,F,F,F,F,F,F,F,F,F,F,F,F,F,F,F,F,F,F,F,F,F,F,F,F,F,F,F,F,F,F,F,F,F,F,F,F,F,F,F,F,F,F,F,F,F,F,F,F,F,F,F,F,F,F,F,F,F,F,F,F,F,F,F,F,F,F,F,F,F,F,F,F,F,F,F,F,F,F,F,F,F,F,F,F,F,F,F,F,F,F,F,F,F,F,F,F,F,F,F,F,F,F,F,F,F,F,F,F,F,F,F,F,F,F,F,F,F,F,F,F,F,F,F,F,F,F,F,F,F,F,F,F,F,F,F,F,F,F,F,F,F,F,F,F,F,F,F,F,F,F,F,F,F,F,F,F,F,F,F,F,F,F,F,F,F,F,F
MOD17A2H.A2021289.h12v02.006.2021317050807.Gpp_500m,MOD17A2H,A2021289,Lat66.02328333Lon-137.2492667Samp13Line13,2021317050807,Gpp_500m,F,F,F,F,F,F,F,F,F,F,F,F,F,F,F,F,F,F,F,F,F,F,F,F,F,F,F,F,F,F,F,F,F,F,F,F,F,F,F,F,F,F,F,F,F,F,F,F,F,F,F,F,F,F,F,F,F,F,F,F,F,F,F,F,F,F,F,F,F,F,F,F,F,F,F,F,F,F,F,F,F,F,F,F,F,F,F,F,F,F,F,F,F,F,F,F,F,F,F,F,F,F,F,F,F,F,F,F,F,F,F,F,F,F,F,F,F,F,F,F,F,F,F,F,F,F,F,F,F,F,F,F,F,F,F,F,F,F,F,F,F,F,F,F,F,F,F,F,F,F,F,F,F,F,F,F,F,F,F,F,F,F,F,F,F,F,F,F,F
MOD17A2H.A2021297.h12v02.006.2021317092040.Gpp_500m,MOD17A2H,A2021297,Lat66.02328333Lon-137.2492667Samp13Line13,2021317092040,Gpp_500m,F,F,F,F,F,F,F,F,F,F,F,F,F,F,F,F,F,F,F,F,F,F,F,F,F,F,F,F,F,F,F,F,F,F,F,F,F,F,F,F,F,F,F,F,F,F,F,F,F,F,F,F,F,F,F,F,F,F,F,F,F,F,F,F,F,F,F,F,F,F,F,F,F,F,F,F,F,F,F,F,F,F,F,F,F,F,F,F,F,F,F,F,F,F,F,F,F,F,F,F,F,F,F,F,F,F,F,F,F,F,F,F,F,F,F,F,F,F,F,F,F,F,F,F,F,F,F,F,F,F,F,F,F,F,F,F,F,F,F,F,F,F,F,F,F,F,F,F,F,F,F,F,F,F,F,F,F,F,F,F,F,F,F,F,F,F,F,F,F
MOD17A2H.A2021305.h12v02.006.2021317163641.Gpp_500m,MOD17A2H,A2021305,Lat66.02328333Lon-137.2492667Samp13Line13,2021317163641,Gpp_500m,F,F,F,F,F,F,F,F,F,F,F,F,F,F,F,F,F,F,F,F,F,F,F,F,F,F,F,F,F,F,F,F,F,F,F,F,F,F,F,F,F,F,F,F,F,F,F,F,F,F,F,F,F,F,F,F,F,F,F,F,F,F,F,F,F,F,F,F,F,F,F,F,F,F,F,F,F,F,F,F,F,F,F,F,F,F,F,F,F,F,F,F,F,F,F,F,F,F,F,F,F,F,F,F,F,F,F,F,F,F,F,F,F,F,F,F,F,F,F,F,F,F,F,F,F,F,F,F,F,F,F,F,F,F,F,F,F,F,F,F,F,F,F,F,F,F,F,F,F,F,F,F,F,F,F,F,F,F,F,F,F,F,F,F,F,F,F,F,F
MOD17A2H.A2021313.h12v02.006.2021322084554.Gpp_500m,MOD17A2H,A2021313,Lat66.02328333Lon-137.2492667Samp13Line13,2021322084554,Gpp_500m,F,F,F,F,F,F,F,F,F,F,F,F,F,F,F,F,F,F,F,F,F,F,F,F,F,F,F,F,F,F,F,F,F,F,F,F,F,F,F,F,F,F,F,F,F,F,F,F,F,F,F,F,F,F,F,F,F,F,F,F,F,F,F,F,F,F,F,F,F,F,F,F,F,F,F,F,F,F,F,F,F,F,F,F,F,F,F,F,F,F,F,F,F,F,F,F,F,F,F,F,F,F,F,F,F,F,F,F,F,F,F,F,F,F,F,F,F,F,F,F,F,F,F,F,F,F,F,F,F,F,F,F,F,F,F,F,F,F,F,F,F,F,F,F,F,F,F,F,F,F,F,F,F,F,F,F,F,F,F,F,F,F,F,F,F,F,F,F,F
MOD17A2H.A2021321.h12v02.006.2021331172630.Gpp_500m,MOD17A2H,A2021321,Lat66.02328333Lon-137.2492667Samp13Line13,2021331172630,Gpp_500m,F,F,F,F,F,F,F,F,F,F,F,F,F,F,F,F,F,F,F,F,F,F,F,F,F,F,F,F,F,F,F,F,F,F,F,F,F,F,F,F,F,F,F,F,F,F,F,F,F,F,F,F,F,F,F,F,F,F,F,F,F,F,F,F,F,F,F,F,F,F,F,F,F,F,F,F,F,F,F,F,F,F,F,F,F,F,F,F,F,F,F,F,F,F,F,F,F,F,F,F,F,F,F,F,F,F,F,F,F,F,F,F,F,F,F,F,F,F,F,F,F,F,F,F,F,F,F,F,F,F,F,F,F,F,F,F,F,F,F,F,F,F,F,F,F,F,F,F,F,F,F,F,F,F,F,F,F,F,F,F,F,F,F,F,F,F,F,F,F
MOD17A2H.A2021329.h12v02.006.2021338223707.Gpp_500m,MOD17A2H,A2021329,Lat66.02328333Lon-137.2492667Samp13Line13,2021338223707,Gpp_500m,F,F,F,F,F,F,F,F,F,F,F,F,F,F,F,F,F,F,F,F,F,F,F,F,F,F,F,F,F,F,F,F,F,F,F,F,F,F,F,F,F,F,F,F,F,F,F,F,F,F,F,F,F,F,F,F,F,F,F,F,F,F,F,F,F,F,F,F,F,F,F,F,F,F,F,F,F,F,F,F,F,F,F,F,F,F,F,F,F,F,F,F,F,F,F,F,F,F,F,F,F,F,F,F,F,F,F,F,F,F,F,F,F,F,F,F,F,F,F,F,F,F,F,F,F,F,F,F,F,F,F,F,F,F,F,F,F,F,F,F,F,F,F,F,F,F,F,F,F,F,F,F,F,F,F,F,F,F,F,F,F,F,F,F,F,F,F,F,F
MOD17A2H.A2021337.h12v02.006.2021346064224.Gpp_500m,MOD17A2H,A2021337,Lat66.02328333Lon-137.2492667Samp13Line13,2021346064224,Gpp_500m,F,F,F,F,F,F,F,F,F,F,F,F,F,F,F,F,F,F,F,F,F,F,F,F,F,F,F,F,F,F,F,F,F,F,F,F,F,F,F,F,F,F,F,F,F,F,F,F,F,F,F,F,F,F,F,F,F,F,F,F,F,F,F,F,F,F,F,F,F,F,F,F,F,F,F,F,F,F,F,F,F,F,F,F,F,F,F,F,F,F,F,F,F,F,F,F,F,F,F,F,F,F,F,F,F,F,F,F,F,F,F,F,F,F,F,F,F,F,F,F,F,F,F,F,F,F,F,F,F,F,F,F,F,F,F,F,F,F,F,F,F,F,F,F,F,F,F,F,F,F,F,F,F,F,F,F,F,F,F,F,F,F,F,F,F,F,F,F,F
MOD17A2H.A2021345.h12v02.006.2021357151753.Gpp_500m,MOD17A2H,A2021345,Lat66.02328333Lon-137.2492667Samp13Line13,2021357151753,Gpp_500m,F,F,F,F,F,F,F,F,F,F,F,F,F,F,F,F,F,F,F,F,F,F,F,F,F,F,F,F,F,F,F,F,F,F,F,F,F,F,F,F,F,F,F,F,F,F,F,F,F,F,F,F,F,F,F,F,F,F,F,F,F,F,F,F,F,F,F,F,F,F,F,F,F,F,F,F,F,F,F,F,F,F,F,F,F,F,F,F,F,F,F,F,F,F,F,F,F,F,F,F,F,F,F,F,F,F,F,F,F,F,F,F,F,F,F,F,F,F,F,F,F,F,F,F,F,F,F,F,F,F,F,F,F,F,F,F,F,F,F,F,F,F,F,F,F,F,F,F,F,F,F,F,F,F,F,F,F,F,F,F,F,F,F,F,F,F,F,F,F
MOD17A2H.A2021353.h12v02.006.2022004004831.Gpp_500m,MOD17A2H,A2021353,Lat66.02328333Lon-137.2492667Samp13Line13,2022004004831,Gpp_500m,F,F,F,F,F,F,F,F,F,F,F,F,F,F,F,F,F,F,F,F,F,F,F,F,F,F,F,F,F,F,F,F,F,F,F,F,F,F,F,F,F,F,F,F,F,F,F,F,F,F,F,F,F,F,F,F,F,F,F,F,F,F,F,F,F,F,F,F,F,F,F,F,F,F,F,F,F,F,F,F,F,F,F,F,F,F,F,F,F,F,F,F,F,F,F,F,F,F,F,F,F,F,F,F,F,F,F,F,F,F,F,F,F,F,F,F,F,F,F,F,F,F,F,F,F,F,F,F,F,F,F,F,F,F,F,F,F,F,F,F,F,F,F,F,F,F,F,F,F,F,F,F,F,F,F,F,F,F,F,F,F,F,F,F,F,F,F,F,F
MOD17A2H.A2021361.h12v02.006.2022005045918.Gpp_500m,MOD17A2H,A2021361,Lat66.02328333Lon-137.2492667Samp13Line13,2022005045918,Gpp_500m,F,F,F,F,F,F,F,F,F,F,F,F,F,F,F,F,F,F,F,F,F,F,F,F,F,F,F,F,F,F,F,F,F,F,F,F,F,F,F,F,F,F,F,F,F,F,F,F,F,F,F,F,F,F,F,F,F,F,F,F,F,F,F,F,F,F,F,F,F,F,F,F,F,F,F,F,F,F,F,F,F,F,F,F,F,F,F,F,F,F,F,F,F,F,F,F,F,F,F,F,F,F,F,F,F,F,F,F,F,F,F,F,F,F,F,F,F,F,F,F,F,F,F,F,F,F,F,F,F,F,F,F,F,F,F,F,F,F,F,F,F,F,F,F,F,F,F,F,F,F,F,F,F,F,F,F,F,F,F,F,F,F,F,F,F,F,F,F,F
