MODIS_Date_AYYYYDDD,date,product,band,min,max,sum,range,mean,variance,standard_deviation,tot_pixels,pixels_pass_qa,per_cent_pixels_pass_qa
A2010001,2010-01-01,MOD17A2H,PsnNet_500m,,,,,,,,161,0,0.00
A2010009,2010-01-09,MOD17A2H,PsnNet_500m,,,,,,,,161,0,0.00
A2010017,2010-01-17,MOD17A2H,PsnNet_500m,,,,,,,,161,0,0.00
A2010025,2010-01-25,MOD17A2H,PsnNet_500m,,,,,,,,161,0,0.00
A2010033,2010-02-02,MOD17A2H,PsnNet_500m,,,,,,,,161,0,0.00
A2010041,2010-02-10,MOD17A2H,PsnNet_500m,,,,,,,,161,0,0.00
A2010049,2010-02-18,MOD17A2H,PsnNet_500m,,,,,,,,161,0,0.00
A2010057,2010-02-26,MOD17A2H,PsnNet_500m,,,,,,,,161,0,0.00
A2010065,2010-03-06,MOD17A2H,PsnNet_500m,,,,,,,,161,0,0.00
A2010073,2010-03-14,MOD17A2H,PsnNet_500m,,,,,,,,161,0,0.00
A2010081,2010-03-22,MOD17A2H,PsnNet_500m,,,,,,,,161,0,0.00
A2010089,2010-03-30,MOD17A2H,PsnNet_500m,,,,,,,,161,0,0.00
A2010097,2010-04-07,MOD17A2H,PsnNet_500m,,,,,,,,161,0,0.00
A2010105,2010-04-15,MOD17A2H,PsnNet_500m,,,,,,,,161,0,0.00
A2010113,2010-04-23,MOD17A2H,PsnNet_500m,0.0016,0.0106,0.5803,0.0090,0.0036,0.0000,0.0019,161,161,100.00
A2010121,2010-05-01,MOD17A2H,PsnNet_500m,0.0025,0.0045,0.5786,0.0020,0.0036,0.0000,0.0004,161,161,100.00
A2010129,2010-05-09,MOD17A2H,PsnNet_500m,0.0037,0.0099,0.7844,0.0062,0.0049,0.0000,0.0009,161,161,100.00
A2010137,2010-05-17,MOD17A2H,PsnNet_500m,0.0096,0.0160,1.8609,0.0064,0.0116,0.0000,0.0010,161,161,100.00
A2010145,2010-05-25,MOD17A2H,PsnNet_500m,0.0199,0.0382,4.3888,0.0183,0.0273,0.0000,0.0035,161,161,100.00
A2010153,2010-06-02,MOD17A2H,PsnNet_500m,0.0239,0.0482,4.6559,0.0243,0.0289,0.0000,0.0034,161,161,100.00
A2010161,2010-06-10,MOD17A2H,PsnNet_500m,0.0278,0.0553,5.8759,0.0275,0.0365,0.0000,0.0040,161,161,100.00
A2010169,2010-06-18,MOD17A2H,PsnNet_500m,0.0298,0.0555,5.6813,0.0257,0.0353,0.0000,0.0035,161,161,100.00
A2010177,2010-06-26,MOD17A2H,PsnNet_500m,0.0084,0.0583,4.6233,0.0499,0.0291,0.0000,0.0058,161,159,98.76
A2010185,2010-07-04,MOD17A2H,PsnNet_500m,0.0330,0.0676,6.0562,0.0346,0.0376,0.0000,0.0045,161,161,100.00
A2010193,2010-07-12,MOD17A2H,PsnNet_500m,0.0075,0.0455,4.1195,0.0380,0.0257,0.0000,0.0054,161,160,99.38
A2010201,2010-07-20,MOD17A2H,PsnNet_500m,0.0029,0.0335,3.2937,0.0306,0.0205,0.0000,0.0032,161,161,100.00
A2010209,2010-07-28,MOD17A2H,PsnNet_500m,0.0244,0.0466,4.5308,0.0222,0.0281,0.0000,0.0027,161,161,100.00
A2010217,2010-08-05,MOD17A2H,PsnNet_500m,0.0179,0.0320,3.3430,0.0141,0.0208,0.0000,0.0017,161,161,100.00
A2010225,2010-08-13,MOD17A2H,PsnNet_500m,0.0196,0.0333,3.9367,0.0137,0.0245,0.0000,0.0020,161,161,100.00
A2010233,2010-08-21,MOD17A2H,PsnNet_500m,0.0018,0.0173,1.2312,0.0155,0.0078,0.0000,0.0040,161,157,97.52
A2010241,2010-08-29,MOD17A2H,PsnNet_500m,0.0053,0.0137,1.5677,0.0084,0.0097,0.0000,0.0018,161,161,100.00
A2010249,2010-09-06,MOD17A2H,PsnNet_500m,0.0062,0.0100,1.3103,0.0038,0.0081,0.0000,0.0007,161,161,100.00
A2010257,2010-09-14,MOD17A2H,PsnNet_500m,0.0026,0.0050,0.5650,0.0024,0.0035,0.0000,0.0005,161,161,100.00
A2010265,2010-09-22,MOD17A2H,PsnNet_500m,0.0001,0.0003,0.0095,0.0002,0.0001,0.0000,0.0001,161,73,45.34
A2010273,2010-09-30,MOD17A2H,PsnNet_500m,0.0003,0.0003,0.0030,0.0000,0.0003,0.0000,0.0000,161,10,6.21
A2010281,2010-10-08,MOD17A2H,PsnNet_500m,,,,,,,,161,0,0.00
A2010289,2010-10-16,MOD17A2H,PsnNet_500m,,,,,,,,161,0,0.00
A2010297,2010-10-24,MOD17A2H,PsnNet_500m,,,,,,,,161,0,0.00
A2010305,2010-11-01,MOD17A2H,PsnNet_500m,,,,,,,,161,0,0.00
A2010313,2010-11-09,MOD17A2H,PsnNet_500m,,,,,,,,161,0,0.00
A2010321,2010-11-17,MOD17A2H,PsnNet_500m,,,,,,,,161,0,0.00
A2010329,2010-11-25,MOD17A2H,PsnNet_500m,,,,,,,,161,0,0.00
A2010337,2010-12-03,MOD17A2H,PsnNet_500m,,,,,,,,161,0,0.00
A2010345,2010-12-11,MOD17A2H,PsnNet_500m,,,,,,,,161,0,0.00
A2010353,2010-12-19,MOD17A2H,PsnNet_500m,,,,,,,,161,0,0.00
A2010361,2010-12-27,MOD17A2H,PsnNet_500m,,,,,,,,161,0,0.00
A2011001,2011-01-01,MOD17A2H,PsnNet_500m,,,,,,,,161,0,0.00
A2011009,2011-01-09,MOD17A2H,PsnNet_500m,,,,,,,,161,0,0.00
A2011017,2011-01-17,MOD17A2H,PsnNet_500m,,,,,,,,161,0,0.00
A2011025,2011-01-25,MOD17A2H,PsnNet_500m,,,,,,,,161,0,0.00
A2011033,2011-02-02,MOD17A2H,PsnNet_500m,,,,,,,,161,0,0.00
A2011041,2011-02-10,MOD17A2H,PsnNet_500m,,,,,,,,161,0,0.00
A2011049,2011-02-18,MOD17A2H,PsnNet_500m,,,,,,,,161,0,0.00
A2011057,2011-02-26,MOD17A2H,PsnNet_500m,,,,,,,,161,0,0.00
A2011065,2011-03-06,MOD17A2H,PsnNet_500m,,,,,,,,161,0,0.00
A2011073,2011-03-14,MOD17A2H,PsnNet_500m,,,,,,,,161,0,0.00
A2011081,2011-03-22,MOD17A2H,PsnNet_500m,,,,,,,,161,0,0.00
A2011089,2011-03-30,MOD17A2H,PsnNet_500m,,,,,,,,161,0,0.00
A2011097,2011-04-07,MOD17A2H,PsnNet_500m,,,,,,,,161,0,0.00
A2011105,2011-04-15,MOD17A2H,PsnNet_500m,,,,,,,,161,0,0.00
A2011113,2011-04-23,MOD17A2H,PsnNet_500m,,,,,,,,161,0,0.00
A2011121,2011-05-01,MOD17A2H,PsnNet_500m,,,,,,,,161,0,0.00
A2011129,2011-05-09,MOD17A2H,PsnNet_500m,0.0005,0.0005,0.0010,0.0000,0.0005,0.0000,0.0000,161,2,1.24
A2011137,2011-05-17,MOD17A2H,PsnNet_500m,0.0146,0.0238,3.0412,0.0092,0.0189,0.0000,0.0014,161,161,100.00
A2011145,2011-05-25,MOD17A2H,PsnNet_500m,0.0242,0.0431,4.9840,0.0189,0.0310,0.0000,0.0029,161,161,100.00
A2011153,2011-06-02,MOD17A2H,PsnNet_500m,0.0161,0.0286,3.2135,0.0125,0.0200,0.0000,0.0021,161,161,100.00
A2011161,2011-06-10,MOD17A2H,PsnNet_500m,0.0126,0.0302,3.6002,0.0176,0.0224,0.0000,0.0027,161,161,100.00
A2011169,2011-06-18,MOD17A2H,PsnNet_500m,0.0104,0.0575,5.1711,0.0471,0.0321,0.0000,0.0053,161,161,100.00
A2011177,2011-06-26,MOD17A2H,PsnNet_500m,0.0306,0.0509,5.8403,0.0203,0.0363,0.0000,0.0026,161,161,100.00
A2011185,2011-07-04,MOD17A2H,PsnNet_500m,0.0032,0.0504,4.2103,0.0472,0.0284,0.0001,0.0110,161,148,91.93
A2011193,2011-07-12,MOD17A2H,PsnNet_500m,0.0027,0.0055,0.1397,0.0028,0.0041,0.0000,0.0012,161,34,21.12
A2011201,2011-07-20,MOD17A2H,PsnNet_500m,0.0270,0.0500,4.8765,0.0230,0.0303,0.0000,0.0029,161,161,100.00
A2011209,2011-07-28,MOD17A2H,PsnNet_500m,0.0259,0.0484,5.1938,0.0225,0.0323,0.0000,0.0028,161,161,100.00
A2011217,2011-08-05,MOD17A2H,PsnNet_500m,0.0020,0.0239,2.3824,0.0219,0.0154,0.0000,0.0037,161,155,96.27
A2011225,2011-08-13,MOD17A2H,PsnNet_500m,0.0138,0.0243,2.6622,0.0105,0.0165,0.0000,0.0013,161,161,100.00
A2011233,2011-08-21,MOD17A2H,PsnNet_500m,0.0152,0.0273,3.0362,0.0121,0.0189,0.0000,0.0020,161,161,100.00
A2011241,2011-08-29,MOD17A2H,PsnNet_500m,0.0096,0.0155,1.9418,0.0059,0.0121,0.0000,0.0012,161,161,100.00
A2011249,2011-09-06,MOD17A2H,PsnNet_500m,0.0065,0.0109,1.4642,0.0044,0.0091,0.0000,0.0008,161,161,100.00
A2011257,2011-09-14,MOD17A2H,PsnNet_500m,0.0043,0.0097,1.1184,0.0054,0.0069,0.0000,0.0010,161,161,100.00
A2011265,2011-09-22,MOD17A2H,PsnNet_500m,0.0001,0.0012,0.0132,0.0011,0.0002,0.0000,0.0003,161,54,33.54
A2011273,2011-09-30,MOD17A2H,PsnNet_500m,0.0003,0.0017,0.1295,0.0014,0.0010,0.0000,0.0004,161,132,81.99
A2011281,2011-10-08,MOD17A2H,PsnNet_500m,,,,,,,,161,0,0.00
A2011289,2011-10-16,MOD17A2H,PsnNet_500m,,,,,,,,161,0,0.00
A2011297,2011-10-24,MOD17A2H,PsnNet_500m,,,,,,,,161,0,0.00
A2011305,2011-11-01,MOD17A2H,PsnNet_500m,,,,,,,,161,0,0.00
A2011313,2011-11-09,MOD17A2H,PsnNet_500m,,,,,,,,161,0,0.00
A2011321,2011-11-17,MOD17A2H,PsnNet_500m,,,,,,,,161,0,0.00
A2011329,2011-11-25,MOD17A2H,PsnNet_500m,,,,,,,,161,0,0.00
A2011337,2011-12-03,MOD17A2H,PsnNet_500m,,,,,,,,161,0,0.00
A2011345,2011-12-11,MOD17A2H,PsnNet_500m,,,,,,,,161,0,0.00
A2011353,2011-12-19,MOD17A2H,PsnNet_500m,,,,,,,,161,0,0.00
A2011361,2011-12-27,MOD17A2H,PsnNet_500m,,,,,,,,161,0,0.00
A2012001,2012-01-01,MOD17A2H,PsnNet_500m,,,,,,,,161,0,0.00
A2012009,2012-01-09,MOD17A2H,PsnNet_500m,,,,,,,,161,0,0.00
A2012017,2012-01-17,MOD17A2H,PsnNet_500m,,,,,,,,161,0,0.00
A2012025,2012-01-25,MOD17A2H,PsnNet_500m,,,,,,,,161,0,0.00
A2012033,2012-02-02,MOD17A2H,PsnNet_500m,,,,,,,,161,0,0.00
A2012041,2012-02-10,MOD17A2H,PsnNet_500m,,,,,,,,161,0,0.00
A2012049,2012-02-18,MOD17A2H,PsnNet_500m,,,,,,,,161,0,0.00
A2012057,2012-02-26,MOD17A2H,PsnNet_500m,,,,,,,,161,0,0.00
A2012065,2012-03-05,MOD17A2H,PsnNet_500m,,,,,,,,161,0,0.00
A2012073,2012-03-13,MOD17A2H,PsnNet_500m,,,,,,,,161,0,0.00
A2012081,2012-03-21,MOD17A2H,PsnNet_500m,,,,,,,,161,0,0.00
A2012089,2012-03-29,MOD17A2H,PsnNet_500m,,,,,,,,161,0,0.00
A2012097,2012-04-06,MOD17A2H,PsnNet_500m,,,,,,,,161,0,0.00
A2012105,2012-04-14,MOD17A2H,PsnNet_500m,,,,,,,,161,0,0.00
A2012113,2012-04-22,MOD17A2H,PsnNet_500m,,,,,,,,161,0,0.00
A2012121,2012-04-30,MOD17A2H,PsnNet_500m,,,,,,,,161,0,0.00
A2012129,2012-05-08,MOD17A2H,PsnNet_500m,0.0013,0.0016,0.0058,0.0003,0.0014,0.0000,0.0001,161,4,2.48
A2012137,2012-05-16,MOD17A2H,PsnNet_500m,0.0102,0.0166,2.0101,0.0064,0.0125,0.0000,0.0009,161,161,100.00
A2012145,2012-05-24,MOD17A2H,PsnNet_500m,0.0150,0.0243,2.6715,0.0093,0.0166,0.0000,0.0015,161,161,100.00
A2012153,2012-06-01,MOD17A2H,PsnNet_500m,0.0040,0.0370,3.5491,0.0330,0.0220,0.0000,0.0054,161,161,100.00
A2012161,2012-06-09,MOD17A2H,PsnNet_500m,0.0255,0.0476,5.1415,0.0221,0.0319,0.0000,0.0026,161,161,100.00
A2012169,2012-06-17,MOD17A2H,PsnNet_500m,0.0350,0.0659,6.1766,0.0309,0.0384,0.0000,0.0035,161,161,100.00
A2012177,2012-06-25,MOD17A2H,PsnNet_500m,0.0034,0.0497,3.8784,0.0463,0.0257,0.0000,0.0065,161,151,93.79
A2012185,2012-07-03,MOD17A2H,PsnNet_500m,0.0375,0.0634,6.5518,0.0259,0.0407,0.0000,0.0031,161,161,100.00
A2012193,2012-07-11,MOD17A2H,PsnNet_500m,0.0038,0.0303,0.7888,0.0265,0.0114,0.0001,0.0073,161,69,42.86
A2012201,2012-07-19,MOD17A2H,PsnNet_500m,0.0125,0.0461,4.4383,0.0336,0.0281,0.0000,0.0042,161,158,98.14
A2012209,2012-07-27,MOD17A2H,PsnNet_500m,0.0256,0.0474,4.6170,0.0218,0.0287,0.0000,0.0026,161,161,100.00
A2012217,2012-08-04,MOD17A2H,PsnNet_500m,0.0302,0.0499,5.2980,0.0197,0.0329,0.0000,0.0023,161,161,100.00
A2012225,2012-08-12,MOD17A2H,PsnNet_500m,0.0071,0.0328,3.3760,0.0257,0.0210,0.0000,0.0037,161,161,100.00
A2012233,2012-08-20,MOD17A2H,PsnNet_500m,0.0125,0.0294,3.2221,0.0169,0.0200,0.0000,0.0028,161,161,100.00
A2012241,2012-08-28,MOD17A2H,PsnNet_500m,0.0084,0.0124,1.5580,0.0040,0.0097,0.0000,0.0008,161,161,100.00
A2012249,2012-09-05,MOD17A2H,PsnNet_500m,0.0010,0.0067,0.6888,0.0057,0.0044,0.0000,0.0010,161,155,96.27
A2012257,2012-09-13,MOD17A2H,PsnNet_500m,0.0013,0.0061,0.7985,0.0048,0.0050,0.0000,0.0008,161,161,100.00
A2012265,2012-09-21,MOD17A2H,PsnNet_500m,0.0040,0.0069,0.9518,0.0029,0.0059,0.0000,0.0005,161,161,100.00
A2012273,2012-09-29,MOD17A2H,PsnNet_500m,0.0001,0.0011,0.0710,0.0010,0.0004,0.0000,0.0003,161,161,100.00
A2012281,2012-10-07,MOD17A2H,PsnNet_500m,,,,,,,,161,0,0.00
A2012289,2012-10-15,MOD17A2H,PsnNet_500m,,,,,,,,161,0,0.00
A2012297,2012-10-23,MOD17A2H,PsnNet_500m,,,,,,,,161,0,0.00
A2012305,2012-10-31,MOD17A2H,PsnNet_500m,,,,,,,,161,0,0.00
A2012313,2012-11-08,MOD17A2H,PsnNet_500m,,,,,,,,161,0,0.00
A2012321,2012-11-16,MOD17A2H,PsnNet_500m,,,,,,,,161,0,0.00
A2012329,2012-11-24,MOD17A2H,PsnNet_500m,,,,,,,,161,0,0.00
A2012337,2012-12-02,MOD17A2H,PsnNet_500m,,,,,,,,161,0,0.00
A2012345,2012-12-10,MOD17A2H,PsnNet_500m,,,,,,,,161,0,0.00
A2012353,2012-12-18,MOD17A2H,PsnNet_500m,,,,,,,,161,0,0.00
A2012361,2012-12-26,MOD17A2H,PsnNet_500m,,,,,,,,161,0,0.00
A2013001,2013-01-01,MOD17A2H,PsnNet_500m,,,,,,,,161,0,0.00
A2013009,2013-01-09,MOD17A2H,PsnNet_500m,,,,,,,,161,0,0.00
A2013017,2013-01-17,MOD17A2H,PsnNet_500m,,,,,,,,161,0,0.00
A2013025,2013-01-25,MOD17A2H,PsnNet_500m,,,,,,,,161,0,0.00
A2013033,2013-02-02,MOD17A2H,PsnNet_500m,,,,,,,,161,0,0.00
A2013041,2013-02-10,MOD17A2H,PsnNet_500m,,,,,,,,161,0,0.00
A2013049,2013-02-18,MOD17A2H,PsnNet_500m,,,,,,,,161,0,0.00
A2013057,2013-02-26,MOD17A2H,PsnNet_500m,,,,,,,,161,0,0.00
A2013065,2013-03-06,MOD17A2H,PsnNet_500m,,,,,,,,161,0,0.00
A2013073,2013-03-14,MOD17A2H,PsnNet_500m,,,,,,,,161,0,0.00
A2013081,2013-03-22,MOD17A2H,PsnNet_500m,,,,,,,,161,0,0.00
A2013089,2013-03-30,MOD17A2H,PsnNet_500m,,,,,,,,161,0,0.00
A2013097,2013-04-07,MOD17A2H,PsnNet_500m,,,,,,,,161,0,0.00
A2013105,2013-04-15,MOD17A2H,PsnNet_500m,,,,,,,,161,0,0.00
A2013113,2013-04-23,MOD17A2H,PsnNet_500m,,,,,,,,161,0,0.00
A2013121,2013-05-01,MOD17A2H,PsnNet_500m,,,,,,,,161,0,0.00
A2013129,2013-05-09,MOD17A2H,PsnNet_500m,,,,,,,,161,0,0.00
A2013137,2013-05-17,MOD17A2H,PsnNet_500m,0.0014,0.0095,0.5579,0.0081,0.0047,0.0000,0.0025,161,118,73.29
A2013145,2013-05-25,MOD17A2H,PsnNet_500m,0.0162,0.0265,3.2621,0.0103,0.0203,0.0000,0.0018,161,161,100.00
A2013153,2013-06-02,MOD17A2H,PsnNet_500m,0.0155,0.0321,3.3568,0.0166,0.0208,0.0000,0.0030,161,161,100.00
A2013161,2013-06-10,MOD17A2H,PsnNet_500m,0.0240,0.0434,4.6543,0.0194,0.0289,0.0000,0.0027,161,161,100.00
A2013169,2013-06-18,MOD17A2H,PsnNet_500m,0.0310,0.0613,5.7734,0.0303,0.0359,0.0000,0.0040,161,161,100.00
A2013177,2013-06-26,MOD17A2H,PsnNet_500m,0.0352,0.0654,6.1834,0.0302,0.0384,0.0000,0.0037,161,161,100.00
A2013185,2013-07-04,MOD17A2H,PsnNet_500m,0.0071,0.0474,3.6452,0.0403,0.0287,0.0001,0.0071,161,127,78.88
A2013193,2013-07-12,MOD17A2H,PsnNet_500m,0.0295,0.0540,5.3573,0.0245,0.0333,0.0000,0.0029,161,161,100.00
A2013201,2013-07-20,MOD17A2H,PsnNet_500m,0.0272,0.0496,5.1323,0.0224,0.0321,0.0000,0.0025,161,160,99.38
A2013209,2013-07-28,MOD17A2H,PsnNet_500m,0.0279,0.0607,5.7817,0.0328,0.0359,0.0000,0.0035,161,161,100.00
A2013217,2013-08-05,MOD17A2H,PsnNet_500m,0.0230,0.0552,5.0805,0.0322,0.0316,0.0000,0.0034,161,161,100.00
A2013225,2013-08-13,MOD17A2H,PsnNet_500m,0.0026,0.0204,0.7629,0.0178,0.0079,0.0000,0.0044,161,96,59.63
A2013233,2013-08-21,MOD17A2H,PsnNet_500m,0.0078,0.0137,1.6329,0.0059,0.0101,0.0000,0.0009,161,161,100.00
A2013241,2013-08-29,MOD17A2H,PsnNet_500m,0.0094,0.0153,1.8931,0.0059,0.0118,0.0000,0.0009,161,161,100.00
A2013249,2013-09-06,MOD17A2H,PsnNet_500m,0.0057,0.0092,1.2686,0.0035,0.0079,0.0000,0.0008,161,161,100.00
A2013257,2013-09-14,MOD17A2H,PsnNet_500m,0.0005,0.0035,0.2135,0.0030,0.0015,0.0000,0.0012,161,144,89.44
A2013265,2013-09-22,MOD17A2H,PsnNet_500m,0.0003,0.0009,0.0614,0.0006,0.0004,0.0000,0.0002,161,161,100.00
A2013273,2013-09-30,MOD17A2H,PsnNet_500m,0.0001,0.0015,0.0932,0.0014,0.0006,0.0000,0.0004,161,147,91.30
A2013281,2013-10-08,MOD17A2H,PsnNet_500m,,,,,,,,161,0,0.00
A2013289,2013-10-16,MOD17A2H,PsnNet_500m,,,,,,,,161,0,0.00
A2013297,2013-10-24,MOD17A2H,PsnNet_500m,,,,,,,,161,0,0.00
A2013305,2013-11-01,MOD17A2H,PsnNet_500m,,,,,,,,161,0,0.00
A2013313,2013-11-09,MOD17A2H,PsnNet_500m,,,,,,,,161,0,0.00
A2013321,2013-11-17,MOD17A2H,PsnNet_500m,,,,,,,,161,0,0.00
A2013329,2013-11-25,MOD17A2H,PsnNet_500m,,,,,,,,161,0,0.00
A2013337,2013-12-03,MOD17A2H,PsnNet_500m,,,,,,,,161,0,0.00
A2013345,2013-12-11,MOD17A2H,PsnNet_500m,,,,,,,,161,0,0.00
A2013353,2013-12-19,MOD17A2H,PsnNet_500m,,,,,,,,161,0,0.00
A2013361,2013-12-27,MOD17A2H,PsnNet_500m,,,,,,,,161,0,0.00
A2014001,2014-01-01,MOD17A2H,PsnNet_500m,,,,,,,,161,0,0.00
A2014009,2014-01-09,MOD17A2H,PsnNet_500m,,,,,,,,161,0,0.00
A2014017,2014-01-17,MOD17A2H,PsnNet_500m,,,,,,,,161,0,0.00
A2014025,2014-01-25,MOD17A2H,PsnNet_500m,,,,,,,,161,0,0.00
A2014033,2014-02-02,MOD17A2H,PsnNet_500m,,,,,,,,161,0,0.00
A2014041,2014-02-10,MOD17A2H,PsnNet_500m,,,,,,,,161,0,0.00
A2014049,2014-02-18,MOD17A2H,PsnNet_500m,,,,,,,,161,0,0.00
A2014057,2014-02-26,MOD17A2H,PsnNet_500m,,,,,,,,161,0,0.00
A2014065,2014-03-06,MOD17A2H,PsnNet_500m,0.0000,0.0000,0.0000,0.0000,0.0000,0.0000,0.0000,161,2,1.24
A2014073,2014-03-14,MOD17A2H,PsnNet_500m,0.0000,0.0000,0.0000,0.0000,0.0000,0.0000,0.0000,161,1,0.62
A2014081,2014-03-22,MOD17A2H,PsnNet_500m,0.0000,0.0000,0.0000,0.0000,0.0000,0.0000,0.0000,161,1,0.62
A2014089,2014-03-30,MOD17A2H,PsnNet_500m,,,,,,,,161,0,0.00
A2014097,2014-04-07,MOD17A2H,PsnNet_500m,,,,,,,,161,0,0.00
A2014105,2014-04-15,MOD17A2H,PsnNet_500m,,,,,,,,161,0,0.00
A2014113,2014-04-23,MOD17A2H,PsnNet_500m,,,,,,,,161,0,0.00
A2014121,2014-05-01,MOD17A2H,PsnNet_500m,0.0053,0.0121,1.4173,0.0068,0.0088,0.0000,0.0017,161,161,100.00
A2014129,2014-05-09,MOD17A2H,PsnNet_500m,0.0084,0.0140,1.8291,0.0056,0.0114,0.0000,0.0010,161,161,100.00
A2014137,2014-05-17,MOD17A2H,PsnNet_500m,0.0013,0.0069,0.6244,0.0056,0.0043,0.0000,0.0017,161,146,90.68
A2014145,2014-05-25,MOD17A2H,PsnNet_500m,0.0056,0.0361,3.0198,0.0305,0.0188,0.0000,0.0034,161,161,100.00
A2014153,2014-06-02,MOD17A2H,PsnNet_500m,0.0211,0.0361,4.4075,0.0150,0.0274,0.0000,0.0034,161,161,100.00
A2014161,2014-06-10,MOD17A2H,PsnNet_500m,0.0217,0.0377,4.5041,0.0160,0.0280,0.0000,0.0022,161,161,100.00
A2014169,2014-06-18,MOD17A2H,PsnNet_500m,0.0284,0.0577,5.6672,0.0293,0.0352,0.0000,0.0041,161,161,100.00
A2014177,2014-06-26,MOD17A2H,PsnNet_500m,0.0337,0.0622,6.1493,0.0285,0.0382,0.0000,0.0035,161,161,100.00
A2014185,2014-07-04,MOD17A2H,PsnNet_500m,0.0223,0.0473,4.9173,0.0250,0.0305,0.0000,0.0041,161,161,100.00
A2014193,2014-07-12,MOD17A2H,PsnNet_500m,0.0259,0.0572,5.6257,0.0313,0.0349,0.0000,0.0041,161,161,100.00
A2014201,2014-07-20,MOD17A2H,PsnNet_500m,0.0057,0.0375,3.0871,0.0318,0.0194,0.0000,0.0053,161,159,98.76
A2014209,2014-07-28,MOD17A2H,PsnNet_500m,0.0107,0.0304,3.5061,0.0197,0.0218,0.0000,0.0021,161,161,100.00
A2014217,2014-08-05,MOD17A2H,PsnNet_500m,0.0030,0.0234,1.9039,0.0204,0.0118,0.0000,0.0040,161,161,100.00
A2014225,2014-08-13,MOD17A2H,PsnNet_500m,0.0185,0.0337,3.5823,0.0152,0.0223,0.0000,0.0021,161,161,100.00
A2014233,2014-08-21,MOD17A2H,PsnNet_500m,0.0109,0.0292,3.2256,0.0183,0.0200,0.0000,0.0023,161,161,100.00
A2014241,2014-08-29,MOD17A2H,PsnNet_500m,0.0055,0.0084,1.1156,0.0029,0.0069,0.0000,0.0008,161,161,100.00
A2014249,2014-09-06,MOD17A2H,PsnNet_500m,0.0051,0.0073,1.0037,0.0022,0.0062,0.0000,0.0006,161,161,100.00
A2014257,2014-09-14,MOD17A2H,PsnNet_500m,0.0036,0.0077,0.8183,0.0041,0.0051,0.0000,0.0007,161,161,100.00
A2014265,2014-09-22,MOD17A2H,PsnNet_500m,0.0013,0.0021,0.2870,0.0008,0.0018,0.0000,0.0002,161,161,100.00
A2014273,2014-09-30,MOD17A2H,PsnNet_500m,0.0001,0.0005,0.0310,0.0004,0.0003,0.0000,0.0001,161,105,65.22
A2014281,2014-10-08,MOD17A2H,PsnNet_500m,,,,,,,,161,0,0.00
A2014289,2014-10-16,MOD17A2H,PsnNet_500m,,,,,,,,161,0,0.00
A2014297,2014-10-24,MOD17A2H,PsnNet_500m,,,,,,,,161,0,0.00
A2014305,2014-11-01,MOD17A2H,PsnNet_500m,,,,,,,,161,0,0.00
A2014313,2014-11-09,MOD17A2H,PsnNet_500m,,,,,,,,161,0,0.00
A2014321,2014-11-17,MOD17A2H,PsnNet_500m,,,,,,,,161,0,0.00
A2014329,2014-11-25,MOD17A2H,PsnNet_500m,,,,,,,,161,0,0.00
A2014337,2014-12-03,MOD17A2H,PsnNet_500m,,,,,,,,161,0,0.00
A2014345,2014-12-11,MOD17A2H,PsnNet_500m,,,,,,,,161,0,0.00
A2014353,2014-12-19,MOD17A2H,PsnNet_500m,,,,,,,,161,0,0.00
A2014361,2014-12-27,MOD17A2H,PsnNet_500m,,,,,,,,161,0,0.00
A2015001,2015-01-01,MOD17A2H,PsnNet_500m,,,,,,,,161,0,0.00
A2015009,2015-01-09,MOD17A2H,PsnNet_500m,,,,,,,,161,0,0.00
A2015017,2015-01-17,MOD17A2H,PsnNet_500m,,,,,,,,161,0,0.00
A2015025,2015-01-25,MOD17A2H,PsnNet_500m,,,,,,,,161,0,0.00
A2015033,2015-02-02,MOD17A2H,PsnNet_500m,,,,,,,,161,0,0.00
A2015041,2015-02-10,MOD17A2H,PsnNet_500m,,,,,,,,161,0,0.00
A2015049,2015-02-18,MOD17A2H,PsnNet_500m,,,,,,,,161,0,0.00
A2015057,2015-02-26,MOD17A2H,PsnNet_500m,,,,,,,,161,0,0.00
A2015065,2015-03-06,MOD17A2H,PsnNet_500m,,,,,,,,161,0,0.00
A2015073,2015-03-14,MOD17A2H,PsnNet_500m,,,,,,,,161,0,0.00
A2015081,2015-03-22,MOD17A2H,PsnNet_500m,,,,,,,,161,0,0.00
A2015089,2015-03-30,MOD17A2H,PsnNet_500m,,,,,,,,161,0,0.00
A2015097,2015-04-07,MOD17A2H,PsnNet_500m,,,,,,,,161,0,0.00
A2015105,2015-04-15,MOD17A2H,PsnNet_500m,,,,,,,,161,0,0.00
A2015113,2015-04-23,MOD17A2H,PsnNet_500m,,,,,,,,161,0,0.00
A2015121,2015-05-01,MOD17A2H,PsnNet_500m,,,,,,,,161,0,0.00
A2015129,2015-05-09,MOD17A2H,PsnNet_500m,0.0032,0.0176,1.6070,0.0144,0.0111,0.0000,0.0035,161,145,90.06
A2015137,2015-05-17,MOD17A2H,PsnNet_500m,0.0220,0.0424,4.3896,0.0204,0.0273,0.0000,0.0027,161,161,100.00
A2015145,2015-05-25,MOD17A2H,PsnNet_500m,0.0207,0.0386,4.0816,0.0179,0.0254,0.0000,0.0030,161,161,100.00
A2015153,2015-06-02,MOD17A2H,PsnNet_500m,0.0059,0.0294,3.0232,0.0235,0.0188,0.0000,0.0036,161,161,100.00
A2015161,2015-06-10,MOD17A2H,PsnNet_500m,0.0023,0.0432,2.8259,0.0409,0.0183,0.0001,0.0082,161,154,95.65
A2015169,2015-06-18,MOD17A2H,PsnNet_500m,0.0328,0.0616,5.9695,0.0288,0.0371,0.0000,0.0035,161,161,100.00
A2015177,2015-06-26,MOD17A2H,PsnNet_500m,0.0059,0.0322,3.3695,0.0263,0.0209,0.0001,0.0082,161,161,100.00
A2015185,2015-07-04,MOD17A2H,PsnNet_500m,0.0219,0.0585,5.8515,0.0366,0.0363,0.0000,0.0033,161,161,100.00
A2015193,2015-07-12,MOD17A2H,PsnNet_500m,0.0141,0.0377,4.3019,0.0236,0.0267,0.0000,0.0030,161,161,100.00
A2015201,2015-07-20,MOD17A2H,PsnNet_500m,0.0036,0.0469,4.1823,0.0433,0.0272,0.0000,0.0049,161,154,95.65
A2015209,2015-07-28,MOD17A2H,PsnNet_500m,0.0054,0.0375,3.4702,0.0321,0.0233,0.0000,0.0046,161,149,92.55
A2015217,2015-08-05,MOD17A2H,PsnNet_500m,0.0210,0.0332,3.7675,0.0122,0.0234,0.0000,0.0017,161,161,100.00
A2015225,2015-08-13,MOD17A2H,PsnNet_500m,0.0099,0.0305,3.0450,0.0206,0.0190,0.0000,0.0032,161,160,99.38
A2015233,2015-08-21,MOD17A2H,PsnNet_500m,0.0091,0.0182,1.8151,0.0091,0.0113,0.0000,0.0011,161,161,100.00
A2015241,2015-08-29,MOD17A2H,PsnNet_500m,0.0007,0.0050,0.4584,0.0043,0.0031,0.0000,0.0010,161,150,93.17
A2015249,2015-09-06,MOD17A2H,PsnNet_500m,0.0061,0.0098,1.2276,0.0037,0.0076,0.0000,0.0007,161,161,100.00
A2015257,2015-09-14,MOD17A2H,PsnNet_500m,0.0005,0.0009,0.0092,0.0004,0.0006,0.0000,0.0002,161,16,9.94
A2015265,2015-09-22,MOD17A2H,PsnNet_500m,-0.0001,0.0002,0.0099,0.0003,0.0001,0.0000,0.0000,161,92,57.14
A2015273,2015-09-30,MOD17A2H,PsnNet_500m,0.0000,0.0003,0.0005,0.0003,0.0000,0.0000,0.0000,161,47,29.19
A2015281,2015-10-08,MOD17A2H,PsnNet_500m,,,,,,,,161,0,0.00
A2015289,2015-10-16,MOD17A2H,PsnNet_500m,,,,,,,,161,0,0.00
A2015297,2015-10-24,MOD17A2H,PsnNet_500m,,,,,,,,161,0,0.00
A2015305,2015-11-01,MOD17A2H,PsnNet_500m,,,,,,,,161,0,0.00
A2015313,2015-11-09,MOD17A2H,PsnNet_500m,,,,,,,,161,0,0.00
A2015321,2015-11-17,MOD17A2H,PsnNet_500m,,,,,,,,161,0,0.00
A2015329,2015-11-25,MOD17A2H,PsnNet_500m,,,,,,,,161,0,0.00
A2015337,2015-12-03,MOD17A2H,PsnNet_500m,,,,,,,,161,0,0.00
A2015345,2015-12-11,MOD17A2H,PsnNet_500m,,,,,,,,161,0,0.00
A2015353,2015-12-19,MOD17A2H,PsnNet_500m,,,,,,,,161,0,0.00
A2015361,2015-12-27,MOD17A2H,PsnNet_500m,,,,,,,,161,0,0.00
A2016001,2016-01-01,MOD17A2H,PsnNet_500m,,,,,,,,161,0,0.00
A2016009,2016-01-09,MOD17A2H,PsnNet_500m,,,,,,,,161,0,0.00
A2016017,2016-01-17,MOD17A2H,PsnNet_500m,,,,,,,,161,0,0.00
A2016025,2016-01-25,MOD17A2H,PsnNet_500m,,,,,,,,161,0,0.00
A2016033,2016-02-02,MOD17A2H,PsnNet_500m,,,,,,,,161,0,0.00
A2016041,2016-02-10,MOD17A2H,PsnNet_500m,,,,,,,,161,0,0.00
A2016049,2016-02-18,MOD17A2H,PsnNet_500m,,,,,,,,161,0,0.00
A2016057,2016-02-26,MOD17A2H,PsnNet_500m,,,,,,,,161,0,0.00
A2016065,2016-03-05,MOD17A2H,PsnNet_500m,0.0000,0.0000,0.0000,0.0000,0.0000,0.0000,0.0000,161,2,1.24
A2016073,2016-03-13,MOD17A2H,PsnNet_500m,,,,,,,,161,0,0.00
A2016081,2016-03-21,MOD17A2H,PsnNet_500m,0.0001,0.0001,0.0002,0.0000,0.0001,0.0000,0.0000,161,2,1.24
A2016089,2016-03-29,MOD17A2H,PsnNet_500m,0.0000,0.0000,0.0000,0.0000,0.0000,0.0000,0.0000,161,1,0.62
A2016097,2016-04-06,MOD17A2H,PsnNet_500m,,,,,,,,161,0,0.00
A2016105,2016-04-14,MOD17A2H,PsnNet_500m,,,,,,,,161,0,0.00
A2016113,2016-04-22,MOD17A2H,PsnNet_500m,,,,,,,,161,0,0.00
A2016121,2016-04-30,MOD17A2H,PsnNet_500m,0.0011,0.0060,0.2141,0.0049,0.0018,0.0000,0.0008,161,122,75.78
A2016129,2016-05-08,MOD17A2H,PsnNet_500m,0.0134,0.0233,2.8073,0.0099,0.0174,0.0000,0.0015,161,161,100.00
A2016137,2016-05-16,MOD17A2H,PsnNet_500m,0.0085,0.0153,1.6538,0.0068,0.0103,0.0000,0.0010,161,161,100.00
A2016145,2016-05-24,MOD17A2H,PsnNet_500m,0.0115,0.0207,2.5252,0.0092,0.0157,0.0000,0.0019,161,161,100.00
A2016153,2016-06-01,MOD17A2H,PsnNet_500m,0.0129,0.0222,2.7451,0.0093,0.0171,0.0000,0.0021,161,161,100.00
A2016161,2016-06-09,MOD17A2H,PsnNet_500m,0.0241,0.0538,5.3283,0.0297,0.0331,0.0000,0.0047,161,161,100.00
A2016169,2016-06-17,MOD17A2H,PsnNet_500m,0.0280,0.0583,5.5381,0.0303,0.0344,0.0000,0.0041,161,161,100.00
A2016177,2016-06-25,MOD17A2H,PsnNet_500m,0.0294,0.0547,5.3254,0.0253,0.0331,0.0000,0.0031,161,161,100.00
A2016185,2016-07-03,MOD17A2H,PsnNet_500m,0.0063,0.0486,4.1407,0.0423,0.0260,0.0000,0.0036,161,159,98.76
A2016193,2016-07-11,MOD17A2H,PsnNet_500m,0.0283,0.0644,5.5358,0.0361,0.0344,0.0000,0.0038,161,161,100.00
A2016201,2016-07-19,MOD17A2H,PsnNet_500m,0.0139,0.0410,4.3426,0.0271,0.0270,0.0000,0.0039,161,161,100.00
A2016209,2016-07-27,MOD17A2H,PsnNet_500m,0.0064,0.0502,4.7226,0.0438,0.0299,0.0000,0.0063,161,158,98.14
A2016217,2016-08-04,MOD17A2H,PsnNet_500m,0.0044,0.0266,2.1827,0.0222,0.0136,0.0000,0.0028,161,161,100.00
A2016225,2016-08-12,MOD17A2H,PsnNet_500m,0.0144,0.0339,4.2238,0.0195,0.0262,0.0000,0.0023,161,161,100.00
A2016233,2016-08-20,MOD17A2H,PsnNet_500m,0.0058,0.0266,2.7210,0.0208,0.0169,0.0000,0.0036,161,161,100.00
A2016241,2016-08-28,MOD17A2H,PsnNet_500m,0.0083,0.0139,1.6166,0.0056,0.0100,0.0000,0.0011,161,161,100.00
A2016249,2016-09-05,MOD17A2H,PsnNet_500m,0.0053,0.0090,1.0504,0.0037,0.0065,0.0000,0.0006,161,161,100.00
A2016257,2016-09-13,MOD17A2H,PsnNet_500m,0.0017,0.0032,0.4091,0.0015,0.0025,0.0000,0.0003,161,161,100.00
A2016265,2016-09-21,MOD17A2H,PsnNet_500m,0.0034,0.0056,0.7097,0.0022,0.0044,0.0000,0.0004,161,161,100.00
A2016273,2016-09-29,MOD17A2H,PsnNet_500m,0.0002,0.0022,0.1913,0.0020,0.0012,0.0000,0.0006,161,154,95.65
A2016281,2016-10-07,MOD17A2H,PsnNet_500m,,,,,,,,161,0,0.00
A2016289,2016-10-15,MOD17A2H,PsnNet_500m,,,,,,,,161,0,0.00
A2016297,2016-10-23,MOD17A2H,PsnNet_500m,,,,,,,,161,0,0.00
A2016305,2016-10-31,MOD17A2H,PsnNet_500m,,,,,,,,161,0,0.00
A2016313,2016-11-08,MOD17A2H,PsnNet_500m,,,,,,,,161,0,0.00
A2016321,2016-11-16,MOD17A2H,PsnNet_500m,,,,,,,,161,0,0.00
A2016329,2016-11-24,MOD17A2H,PsnNet_500m,,,,,,,,161,0,0.00
A2016337,2016-12-02,MOD17A2H,PsnNet_500m,,,,,,,,161,0,0.00
A2016345,2016-12-10,MOD17A2H,PsnNet_500m,,,,,,,,161,0,0.00
A2016353,2016-12-18,MOD17A2H,PsnNet_500m,,,,,,,,161,0,0.00
A2016361,2016-12-26,MOD17A2H,PsnNet_500m,,,,,,,,161,0,0.00
A2017001,2017-01-01,MOD17A2H,PsnNet_500m,,,,,,,,161,0,0.00
A2017009,2017-01-09,MOD17A2H,PsnNet_500m,,,,,,,,161,0,0.00
A2017017,2017-01-17,MOD17A2H,PsnNet_500m,,,,,,,,161,0,0.00
A2017025,2017-01-25,MOD17A2H,PsnNet_500m,,,,,,,,161,0,0.00
A2017033,2017-02-02,MOD17A2H,PsnNet_500m,,,,,,,,161,0,0.00
A2017041,2017-02-10,MOD17A2H,PsnNet_500m,,,,,,,,161,0,0.00
A2017049,2017-02-18,MOD17A2H,PsnNet_500m,,,,,,,,161,0,0.00
A2017057,2017-02-26,MOD17A2H,PsnNet_500m,,,,,,,,161,0,0.00
A2017065,2017-03-06,MOD17A2H,PsnNet_500m,,,,,,,,161,0,0.00
A2017073,2017-03-14,MOD17A2H,PsnNet_500m,,,,,,,,161,0,0.00
A2017081,2017-03-22,MOD17A2H,PsnNet_500m,,,,,,,,161,0,0.00
A2017089,2017-03-30,MOD17A2H,PsnNet_500m,0.0000,0.0000,0.0000,0.0000,0.0000,0.0000,0.0000,161,1,0.62
A2017097,2017-04-07,MOD17A2H,PsnNet_500m,,,,,,,,161,0,0.00
A2017105,2017-04-15,MOD17A2H,PsnNet_500m,,,,,,,,161,0,0.00
A2017113,2017-04-23,MOD17A2H,PsnNet_500m,,,,,,,,161,0,0.00
A2017121,2017-05-01,MOD17A2H,PsnNet_500m,0.0007,0.0010,0.0200,0.0003,0.0009,0.0000,0.0001,161,23,14.29
A2017129,2017-05-09,MOD17A2H,PsnNet_500m,0.0014,0.0102,0.7812,0.0088,0.0049,0.0000,0.0019,161,161,100.00
A2017137,2017-05-17,MOD17A2H,PsnNet_500m,0.0023,0.0187,2.0546,0.0164,0.0129,0.0000,0.0035,161,159,98.76
A2017145,2017-05-25,MOD17A2H,PsnNet_500m,0.0161,0.0286,3.2227,0.0125,0.0200,0.0000,0.0022,161,161,100.00
A2017153,2017-06-02,MOD17A2H,PsnNet_500m,0.0207,0.0331,3.8474,0.0124,0.0239,0.0000,0.0016,161,161,100.00
A2017161,2017-06-10,MOD17A2H,PsnNet_500m,0.0222,0.0397,4.4356,0.0175,0.0276,0.0000,0.0027,161,161,100.00
A2017169,2017-06-18,MOD17A2H,PsnNet_500m,0.0240,0.0570,5.2008,0.0330,0.0323,0.0000,0.0044,161,161,100.00
A2017177,2017-06-26,MOD17A2H,PsnNet_500m,0.0319,0.0639,6.3075,0.0320,0.0392,0.0000,0.0043,161,161,100.00
A2017185,2017-07-04,MOD17A2H,PsnNet_500m,0.0116,0.0630,5.4059,0.0514,0.0336,0.0000,0.0056,161,161,100.00
A2017193,2017-07-12,MOD17A2H,PsnNet_500m,0.0249,0.0477,4.6816,0.0228,0.0291,0.0000,0.0026,161,161,100.00
A2017201,2017-07-20,MOD17A2H,PsnNet_500m,0.0106,0.0280,3.0943,0.0174,0.0201,0.0000,0.0026,161,154,95.65
A2017209,2017-07-28,MOD17A2H,PsnNet_500m,0.0269,0.0469,5.0071,0.0200,0.0311,0.0000,0.0024,161,161,100.00
A2017217,2017-08-05,MOD17A2H,PsnNet_500m,0.0201,0.0388,4.1410,0.0187,0.0257,0.0000,0.0023,161,161,100.00
A2017225,2017-08-13,MOD17A2H,PsnNet_500m,0.0184,0.0287,3.5919,0.0103,0.0223,0.0000,0.0016,161,161,100.00
A2017233,2017-08-21,MOD17A2H,PsnNet_500m,0.0115,0.0182,2.3595,0.0067,0.0147,0.0000,0.0014,161,161,100.00
A2017241,2017-08-29,MOD17A2H,PsnNet_500m,0.0058,0.0146,1.7243,0.0088,0.0107,0.0000,0.0012,161,161,100.00
A2017249,2017-09-06,MOD17A2H,PsnNet_500m,0.0038,0.0080,0.8922,0.0042,0.0055,0.0000,0.0008,161,161,100.00
A2017257,2017-09-14,MOD17A2H,PsnNet_500m,0.0042,0.0067,0.8669,0.0025,0.0054,0.0000,0.0006,161,161,100.00
A2017265,2017-09-22,MOD17A2H,PsnNet_500m,0.0002,0.0022,0.1210,0.0020,0.0008,0.0000,0.0005,161,157,97.52
A2017273,2017-09-30,MOD17A2H,PsnNet_500m,0.0003,0.0020,0.2182,0.0017,0.0014,0.0000,0.0002,161,160,99.38
A2017281,2017-10-08,MOD17A2H,PsnNet_500m,,,,,,,,161,0,0.00
A2017289,2017-10-16,MOD17A2H,PsnNet_500m,,,,,,,,161,0,0.00
A2017297,2017-10-24,MOD17A2H,PsnNet_500m,,,,,,,,161,0,0.00
A2017305,2017-11-01,MOD17A2H,PsnNet_500m,,,,,,,,161,0,0.00
A2017313,2017-11-09,MOD17A2H,PsnNet_500m,,,,,,,,161,0,0.00
A2017321,2017-11-17,MOD17A2H,PsnNet_500m,,,,,,,,161,0,0.00
A2017329,2017-11-25,MOD17A2H,PsnNet_500m,,,,,,,,161,0,0.00
A2017337,2017-12-03,MOD17A2H,PsnNet_500m,,,,,,,,161,0,0.00
A2017345,2017-12-11,MOD17A2H,PsnNet_500m,,,,,,,,161,0,0.00
A2017353,2017-12-19,MOD17A2H,PsnNet_500m,,,,,,,,161,0,0.00
A2017361,2017-12-27,MOD17A2H,PsnNet_500m,,,,,,,,161,0,0.00
A2018001,2018-01-01,MOD17A2H,PsnNet_500m,,,,,,,,161,0,0.00
A2018009,2018-01-09,MOD17A2H,PsnNet_500m,,,,,,,,161,0,0.00
A2018017,2018-01-17,MOD17A2H,PsnNet_500m,,,,,,,,161,0,0.00
A2018025,2018-01-25,MOD17A2H,PsnNet_500m,,,,,,,,161,0,0.00
A2018033,2018-02-02,MOD17A2H,PsnNet_500m,,,,,,,,161,0,0.00
A2018041,2018-02-10,MOD17A2H,PsnNet_500m,,,,,,,,161,0,0.00
A2018049,2018-02-18,MOD17A2H,PsnNet_500m,,,,,,,,161,0,0.00
A2018057,2018-02-26,MOD17A2H,PsnNet_500m,,,,,,,,161,0,0.00
A2018065,2018-03-06,MOD17A2H,PsnNet_500m,,,,,,,,161,0,0.00
A2018073,2018-03-14,MOD17A2H,PsnNet_500m,,,,,,,,161,0,0.00
A2018081,2018-03-22,MOD17A2H,PsnNet_500m,0.0000,0.0000,0.0000,0.0000,0.0000,0.0000,0.0000,161,1,0.62
A2018089,2018-03-30,MOD17A2H,PsnNet_500m,,,,,,,,161,0,0.00
A2018097,2018-04-07,MOD17A2H,PsnNet_500m,,,,,,,,161,0,0.00
A2018105,2018-04-15,MOD17A2H,PsnNet_500m,,,,,,,,161,0,0.00
A2018113,2018-04-23,MOD17A2H,PsnNet_500m,,,,,,,,161,0,0.00
A2018121,2018-05-01,MOD17A2H,PsnNet_500m,0.0009,0.0033,0.1115,0.0024,0.0014,0.0000,0.0005,161,80,49.69
A2018129,2018-05-09,MOD17A2H,PsnNet_500m,0.0020,0.0140,1.2581,0.0120,0.0078,0.0000,0.0022,161,161,100.00
A2018137,2018-05-17,MOD17A2H,PsnNet_500m,0.0029,0.0125,1.2630,0.0096,0.0078,0.0000,0.0024,161,161,100.00
A2018145,2018-05-25,MOD17A2H,PsnNet_500m,0.0070,0.0147,1.7222,0.0077,0.0107,0.0000,0.0016,161,161,100.00
A2018153,2018-06-02,MOD17A2H,PsnNet_500m,0.0138,0.0316,3.3243,0.0178,0.0206,0.0000,0.0032,161,161,100.00
A2018161,2018-06-10,MOD17A2H,PsnNet_500m,0.0030,0.0265,2.1564,0.0235,0.0137,0.0000,0.0061,161,157,97.52
A2018169,2018-06-18,MOD17A2H,PsnNet_500m,0.0244,0.0465,4.7267,0.0221,0.0294,0.0000,0.0030,161,161,100.00
A2018177,2018-06-26,MOD17A2H,PsnNet_500m,0.0118,0.0315,3.4714,0.0197,0.0243,0.0000,0.0037,161,143,88.82
A2018185,2018-07-04,MOD17A2H,PsnNet_500m,0.0243,0.0426,5.2519,0.0183,0.0326,0.0000,0.0023,161,161,100.00
A2018193,2018-07-12,MOD17A2H,PsnNet_500m,0.0068,0.0467,4.3683,0.0399,0.0271,0.0000,0.0057,161,161,100.00
A2018201,2018-07-20,MOD17A2H,PsnNet_500m,0.0219,0.0503,4.6884,0.0284,0.0291,0.0000,0.0030,161,161,100.00
A2018209,2018-07-28,MOD17A2H,PsnNet_500m,0.0215,0.0467,4.1729,0.0252,0.0259,0.0000,0.0030,161,161,100.00
A2018217,2018-08-05,MOD17A2H,PsnNet_500m,0.0022,0.0190,2.0741,0.0168,0.0134,0.0000,0.0043,161,155,96.27
A2018225,2018-08-13,MOD17A2H,PsnNet_500m,0.0048,0.0238,2.4995,0.0190,0.0155,0.0000,0.0032,161,161,100.00
A2018233,2018-08-21,MOD17A2H,PsnNet_500m,0.0018,0.0113,1.1336,0.0095,0.0071,0.0000,0.0026,161,160,99.38
A2018241,2018-08-29,MOD17A2H,PsnNet_500m,0.0013,0.0076,0.6091,0.0063,0.0038,0.0000,0.0014,161,161,100.00
A2018249,2018-09-06,MOD17A2H,PsnNet_500m,0.0038,0.0057,0.7101,0.0019,0.0044,0.0000,0.0003,161,161,100.00
A2018257,2018-09-14,MOD17A2H,PsnNet_500m,0.0040,0.0063,0.7778,0.0023,0.0048,0.0000,0.0004,161,161,100.00
A2018265,2018-09-22,MOD17A2H,PsnNet_500m,0.0005,0.0019,0.1820,0.0014,0.0011,0.0000,0.0004,161,161,100.00
A2018273,2018-09-30,MOD17A2H,PsnNet_500m,0.0002,0.0009,0.0761,0.0007,0.0005,0.0000,0.0001,161,156,96.89
A2018281,2018-10-08,MOD17A2H,PsnNet_500m,,,,,,,,161,0,0.00
A2018289,2018-10-16,MOD17A2H,PsnNet_500m,,,,,,,,161,0,0.00
A2018297,2018-10-24,MOD17A2H,PsnNet_500m,,,,,,,,161,0,0.00
A2018305,2018-11-01,MOD17A2H,PsnNet_500m,,,,,,,,161,0,0.00
A2018313,2018-11-09,MOD17A2H,PsnNet_500m,,,,,,,,161,0,0.00
A2018321,2018-11-17,MOD17A2H,PsnNet_500m,,,,,,,,161,0,0.00
A2018329,2018-11-25,MOD17A2H,PsnNet_500m,,,,,,,,161,0,0.00
A2018337,2018-12-03,MOD17A2H,PsnNet_500m,,,,,,,,161,0,0.00
A2018345,2018-12-11,MOD17A2H,PsnNet_500m,,,,,,,,161,0,0.00
A2018353,2018-12-19,MOD17A2H,PsnNet_500m,,,,,,,,161,0,0.00
A2018361,2018-12-27,MOD17A2H,PsnNet_500m,,,,,,,,161,0,0.00
A2019001,2019-01-01,MOD17A2H,PsnNet_500m,,,,,,,,161,0,0.00
A2019009,2019-01-09,MOD17A2H,PsnNet_500m,,,,,,,,161,0,0.00
A2019017,2019-01-17,MOD17A2H,PsnNet_500m,,,,,,,,161,0,0.00
A2019025,2019-01-25,MOD17A2H,PsnNet_500m,,,,,,,,161,0,0.00
A2019033,2019-02-02,MOD17A2H,PsnNet_500m,,,,,,,,161,0,0.00
A2019041,2019-02-10,MOD17A2H,PsnNet_500m,,,,,,,,161,0,0.00
A2019049,2019-02-18,MOD17A2H,PsnNet_500m,,,,,,,,161,0,0.00
A2019057,2019-02-26,MOD17A2H,PsnNet_500m,,,,,,,,161,0,0.00
A2019065,2019-03-06,MOD17A2H,PsnNet_500m,,,,,,,,161,0,0.00
A2019073,2019-03-14,MOD17A2H,PsnNet_500m,0.0001,0.0001,0.0001,0.0000,0.0001,0.0000,0.0000,161,1,0.62
A2019081,2019-03-22,MOD17A2H,PsnNet_500m,,,,,,,,161,0,0.00
A2019089,2019-03-30,MOD17A2H,PsnNet_500m,0.0000,0.0000,0.0000,0.0000,0.0000,0.0000,0.0000,161,5,3.11
A2019097,2019-04-07,MOD17A2H,PsnNet_500m,,,,,,,,161,0,0.00
A2019105,2019-04-15,MOD17A2H,PsnNet_500m,0.0001,0.0001,0.0001,0.0000,0.0001,0.0000,0.0000,161,1,0.62
A2019113,2019-04-23,MOD17A2H,PsnNet_500m,,,,,,,,161,0,0.00
A2019121,2019-05-01,MOD17A2H,PsnNet_500m,0.0004,0.0004,0.0032,0.0000,0.0004,0.0000,0.0000,161,8,4.97
A2019129,2019-05-09,MOD17A2H,PsnNet_500m,0.0075,0.0117,1.5293,0.0042,0.0095,0.0000,0.0008,161,161,100.00
A2019137,2019-05-17,MOD17A2H,PsnNet_500m,0.0193,0.0275,3.6579,0.0082,0.0227,0.0000,0.0014,161,161,100.00
A2019145,2019-05-25,MOD17A2H,PsnNet_500m,0.0054,0.0284,2.8907,0.0230,0.0180,0.0000,0.0035,161,161,100.00
A2019153,2019-06-02,MOD17A2H,PsnNet_500m,0.0225,0.0409,4.5280,0.0184,0.0281,0.0000,0.0025,161,161,100.00
A2019161,2019-06-10,MOD17A2H,PsnNet_500m,0.0024,0.0309,2.3748,0.0285,0.0203,0.0000,0.0052,161,117,72.67
A2019169,2019-06-18,MOD17A2H,PsnNet_500m,0.0277,0.0582,5.3587,0.0305,0.0333,0.0000,0.0036,161,161,100.00
A2019177,2019-06-26,MOD17A2H,PsnNet_500m,0.0174,0.0527,5.0427,0.0353,0.0313,0.0000,0.0039,161,161,100.00
A2019185,2019-07-04,MOD17A2H,PsnNet_500m,0.0035,0.0542,3.2408,0.0507,0.0222,0.0001,0.0099,161,146,90.68
A2019193,2019-07-12,MOD17A2H,PsnNet_500m,0.0116,0.0611,5.4171,0.0495,0.0336,0.0000,0.0055,161,161,100.00
A2019201,2019-07-20,MOD17A2H,PsnNet_500m,0.0285,0.0546,4.9911,0.0261,0.0310,0.0000,0.0032,161,161,100.00
A2019209,2019-07-28,MOD17A2H,PsnNet_500m,0.0030,0.0275,2.5386,0.0245,0.0180,0.0001,0.0098,161,141,87.58
A2019217,2019-08-05,MOD17A2H,PsnNet_500m,0.0134,0.0262,2.7834,0.0128,0.0173,0.0000,0.0016,161,161,100.00
A2019225,2019-08-13,MOD17A2H,PsnNet_500m,0.0015,0.0131,0.7141,0.0116,0.0055,0.0000,0.0030,161,129,80.12
A2019233,2019-08-21,MOD17A2H,PsnNet_500m,0.0094,0.0193,2.0352,0.0099,0.0126,0.0000,0.0014,161,161,100.00
A2019241,2019-08-29,MOD17A2H,PsnNet_500m,0.0011,0.0078,0.8172,0.0067,0.0051,0.0000,0.0012,161,161,100.00
A2019249,2019-09-06,MOD17A2H,PsnNet_500m,0.0070,0.0152,1.7485,0.0082,0.0109,0.0000,0.0016,161,161,100.00
A2019257,2019-09-14,MOD17A2H,PsnNet_500m,0.0007,0.0029,0.1008,0.0022,0.0007,0.0000,0.0002,161,139,86.34
A2019265,2019-09-22,MOD17A2H,PsnNet_500m,0.0018,0.0031,0.4063,0.0013,0.0025,0.0000,0.0002,161,161,100.00
A2019273,2019-09-30,MOD17A2H,PsnNet_500m,0.0003,0.0014,0.0721,0.0011,0.0005,0.0000,0.0003,161,151,93.79
A2019281,2019-10-08,MOD17A2H,PsnNet_500m,,,,,,,,161,0,0.00
A2019289,2019-10-16,MOD17A2H,PsnNet_500m,,,,,,,,161,0,0.00
A2019297,2019-10-24,MOD17A2H,PsnNet_500m,,,,,,,,161,0,0.00
A2019305,2019-11-01,MOD17A2H,PsnNet_500m,,,,,,,,161,0,0.00
A2019313,2019-11-09,MOD17A2H,PsnNet_500m,,,,,,,,161,0,0.00
A2019321,2019-11-17,MOD17A2H,PsnNet_500m,,,,,,,,161,0,0.00
A2019329,2019-11-25,MOD17A2H,PsnNet_500m,,,,,,,,161,0,0.00
A2019337,2019-12-03,MOD17A2H,PsnNet_500m,,,,,,,,161,0,0.00
A2019345,2019-12-11,MOD17A2H,PsnNet_500m,,,,,,,,161,0,0.00
A2019353,2019-12-19,MOD17A2H,PsnNet_500m,,,,,,,,161,0,0.00
A2019361,2019-12-27,MOD17A2H,PsnNet_500m,,,,,,,,161,0,0.00
A2020001,2020-01-01,MOD17A2H,PsnNet_500m,,,,,,,,161,0,0.00
A2020009,2020-01-09,MOD17A2H,PsnNet_500m,,,,,,,,161,0,0.00
A2020017,2020-01-17,MOD17A2H,PsnNet_500m,,,,,,,,161,0,0.00
A2020025,2020-01-25,MOD17A2H,PsnNet_500m,,,,,,,,161,0,0.00
A2020033,2020-02-02,MOD17A2H,PsnNet_500m,,,,,,,,161,0,0.00
A2020041,2020-02-10,MOD17A2H,PsnNet_500m,,,,,,,,161,0,0.00
A2020049,2020-02-18,MOD17A2H,PsnNet_500m,,,,,,,,161,0,0.00
A2020057,2020-02-26,MOD17A2H,PsnNet_500m,,,,,,,,161,0,0.00
A2020065,2020-03-05,MOD17A2H,PsnNet_500m,,,,,,,,161,0,0.00
A2020073,2020-03-13,MOD17A2H,PsnNet_500m,,,,,,,,161,0,0.00
A2020081,2020-03-21,MOD17A2H,PsnNet_500m,,,,,,,,161,0,0.00
A2020089,2020-03-29,MOD17A2H,PsnNet_500m,,,,,,,,161,0,0.00
A2020097,2020-04-06,MOD17A2H,PsnNet_500m,,,,,,,,161,0,0.00
A2020105,2020-04-14,MOD17A2H,PsnNet_500m,,,,,,,,161,0,0.00
A2020113,2020-04-22,MOD17A2H,PsnNet_500m,0.0000,0.0000,0.0000,0.0000,0.0000,0.0000,0.0000,161,2,1.24
A2020121,2020-04-30,MOD17A2H,PsnNet_500m,,,,,,,,161,0,0.00
A2020129,2020-05-08,MOD17A2H,PsnNet_500m,0.0012,0.0081,0.6746,0.0069,0.0043,0.0000,0.0019,161,156,96.89
A2020137,2020-05-16,MOD17A2H,PsnNet_500m,0.0055,0.0089,1.1219,0.0034,0.0070,0.0000,0.0007,161,161,100.00
A2020145,2020-05-24,MOD17A2H,PsnNet_500m,0.0187,0.0304,3.7522,0.0117,0.0233,0.0000,0.0018,161,161,100.00
A2020153,2020-06-01,MOD17A2H,PsnNet_500m,0.0083,0.0336,3.5772,0.0253,0.0222,0.0000,0.0034,161,161,100.00
A2020161,2020-06-09,MOD17A2H,PsnNet_500m,0.0272,0.0508,5.0500,0.0236,0.0314,0.0000,0.0032,161,161,100.00
A2020169,2020-06-17,MOD17A2H,PsnNet_500m,0.0027,0.0173,0.4060,0.0146,0.0086,0.0000,0.0037,161,47,29.19
A2020177,2020-06-25,MOD17A2H,PsnNet_500m,0.0101,0.0322,3.5808,0.0221,0.0225,0.0000,0.0031,161,159,98.76
A2020185,2020-07-03,MOD17A2H,PsnNet_500m,0.0027,0.0266,1.7107,0.0239,0.0120,0.0000,0.0065,161,142,88.20
A2020193,2020-07-11,MOD17A2H,PsnNet_500m,0.0086,0.0432,3.8034,0.0346,0.0239,0.0000,0.0059,161,159,98.76
A2020201,2020-07-19,MOD17A2H,PsnNet_500m,0.0111,0.0281,2.9026,0.0170,0.0180,0.0000,0.0025,161,161,100.00
A2020209,2020-07-27,MOD17A2H,PsnNet_500m,0.0215,0.0409,3.8955,0.0194,0.0242,0.0000,0.0023,161,161,100.00
A2020217,2020-08-04,MOD17A2H,PsnNet_500m,0.0141,0.0296,2.9129,0.0155,0.0186,0.0000,0.0018,161,157,97.52
A2020225,2020-08-12,MOD17A2H,PsnNet_500m,0.0149,0.0250,2.9182,0.0101,0.0181,0.0000,0.0014,161,161,100.00
A2020233,2020-08-20,MOD17A2H,PsnNet_500m,0.0025,0.0212,2.3228,0.0187,0.0145,0.0000,0.0017,161,160,99.38
A2020241,2020-08-28,MOD17A2H,PsnNet_500m,0.0034,0.0077,0.8175,0.0043,0.0051,0.0000,0.0011,161,161,100.00
A2020249,2020-09-05,MOD17A2H,PsnNet_500m,0.0020,0.0095,1.0411,0.0075,0.0065,0.0000,0.0015,161,161,100.00
A2020257,2020-09-13,MOD17A2H,PsnNet_500m,0.0027,0.0083,0.9554,0.0056,0.0059,0.0000,0.0009,161,161,100.00
A2020265,2020-09-21,MOD17A2H,PsnNet_500m,0.0004,0.0030,0.3562,0.0026,0.0022,0.0000,0.0003,161,161,100.00
A2020273,2020-09-29,MOD17A2H,PsnNet_500m,0.0005,0.0024,0.3103,0.0019,0.0019,0.0000,0.0003,161,161,100.00
A2020281,2020-10-07,MOD17A2H,PsnNet_500m,,,,,,,,161,0,0.00
A2020289,2020-10-15,MOD17A2H,PsnNet_500m,,,,,,,,161,0,0.00
A2020297,2020-10-23,MOD17A2H,PsnNet_500m,,,,,,,,161,0,0.00
A2020305,2020-10-31,MOD17A2H,PsnNet_500m,,,,,,,,161,0,0.00
A2020313,2020-11-08,MOD17A2H,PsnNet_500m,,,,,,,,161,0,0.00
A2020321,2020-11-16,MOD17A2H,PsnNet_500m,,,,,,,,161,0,0.00
A2020329,2020-11-24,MOD17A2H,PsnNet_500m,,,,,,,,161,0,0.00
A2020337,2020-12-02,MOD17A2H,PsnNet_500m,,,,,,,,161,0,0.00
A2020345,2020-12-10,MOD17A2H,PsnNet_500m,,,,,,,,161,0,0.00
A2020353,2020-12-18,MOD17A2H,PsnNet_500m,,,,,,,,161,0,0.00
A2020361,2020-12-26,MOD17A2H,PsnNet_500m,,,,,,,,161,0,0.00
A2021001,2021-01-01,MOD17A2H,PsnNet_500m,,,,,,,,161,0,0.00
A2021009,2021-01-09,MOD17A2H,PsnNet_500m,,,,,,,,161,0,0.00
A2021017,2021-01-17,MOD17A2H,PsnNet_500m,,,,,,,,161,0,0.00
A2021025,2021-01-25,MOD17A2H,PsnNet_500m,,,,,,,,161,0,0.00
A2021033,2021-02-02,MOD17A2H,PsnNet_500m,,,,,,,,161,0,0.00
A2021041,2021-02-10,MOD17A2H,PsnNet_500m,,,,,,,,161,0,0.00
A2021049,2021-02-18,MOD17A2H,PsnNet_500m,,,,,,,,161,0,0.00
A2021057,2021-02-26,MOD17A2H,PsnNet_500m,,,,,,,,161,0,0.00
A2021065,2021-03-06,MOD17A2H,PsnNet_500m,0.0000,0.0000,0.0000,0.0000,0.0000,0.0000,0.0000,161,1,0.62
A2021073,2021-03-14,MOD17A2H,PsnNet_500m,0.0000,0.0000,0.0000,0.0000,0.0000,0.0000,0.0000,161,2,1.24
A2021081,2021-03-22,MOD17A2H,PsnNet_500m,0.0000,0.0000,0.0000,0.0000,0.0000,0.0000,0.0000,161,2,1.24
A2021089,2021-03-30,MOD17A2H,PsnNet_500m,,,,,,,,161,0,0.00
A2021097,2021-04-07,MOD17A2H,PsnNet_500m,,,,,,,,161,0,0.00
A2021105,2021-04-15,MOD17A2H,PsnNet_500m,,,,,,,,161,0,0.00
A2021113,2021-04-23,MOD17A2H,PsnNet_500m,0.0003,0.0007,0.0080,0.0004,0.0004,0.0000,0.0001,161,22,13.66
A2021121,2021-05-01,MOD17A2H,PsnNet_500m,0.0006,0.0026,0.1222,0.0020,0.0010,0.0000,0.0005,161,128,79.50
A2021129,2021-05-09,MOD17A2H,PsnNet_500m,0.0022,0.0068,0.7793,0.0046,0.0048,0.0000,0.0010,161,161,100.00
A2021137,2021-05-17,MOD17A2H,PsnNet_500m,0.0083,0.0136,1.6951,0.0053,0.0105,0.0000,0.0012,161,161,100.00
A2021145,2021-05-25,MOD17A2H,PsnNet_500m,0.0037,0.0080,0.9279,0.0043,0.0058,0.0000,0.0008,161,161,100.00
A2021153,2021-06-02,MOD17A2H,PsnNet_500m,0.0094,0.0219,2.2480,0.0125,0.0140,0.0000,0.0021,161,161,100.00
A2021161,2021-06-10,MOD17A2H,PsnNet_500m,0.0266,0.0480,5.0858,0.0214,0.0316,0.0000,0.0028,161,161,100.00
A2021169,2021-06-18,MOD17A2H,PsnNet_500m,0.0322,0.0623,6.0972,0.0301,0.0379,0.0000,0.0035,161,161,100.00
A2021177,2021-06-26,MOD17A2H,PsnNet_500m,0.0280,0.0684,6.7424,0.0404,0.0424,0.0000,0.0038,161,159,98.76
A2021185,2021-07-04,MOD17A2H,PsnNet_500m,0.0137,0.0526,4.9499,0.0389,0.0309,0.0000,0.0034,161,160,99.38
A2021193,2021-07-12,MOD17A2H,PsnNet_500m,0.0278,0.0588,5.7183,0.0310,0.0355,0.0000,0.0031,161,161,100.00
A2021201,2021-07-20,MOD17A2H,PsnNet_500m,0.0256,0.0489,4.5478,0.0233,0.0282,0.0000,0.0028,161,161,100.00
A2021209,2021-07-28,MOD17A2H,PsnNet_500m,0.0263,0.0470,4.5390,0.0207,0.0282,0.0000,0.0026,161,161,100.00
A2021217,2021-08-05,MOD17A2H,PsnNet_500m,0.0033,0.0198,2.3077,0.0165,0.0143,0.0000,0.0021,161,161,100.00
A2021225,2021-08-13,MOD17A2H,PsnNet_500m,0.0026,0.0226,1.3764,0.0200,0.0089,0.0000,0.0044,161,154,95.65
A2021233,2021-08-21,MOD17A2H,PsnNet_500m,0.0061,0.0119,1.2172,0.0058,0.0076,0.0000,0.0010,161,161,100.00
A2021241,2021-08-29,MOD17A2H,PsnNet_500m,0.0080,0.0144,1.6756,0.0064,0.0104,0.0000,0.0011,161,161,100.00
A2021249,2021-09-06,MOD17A2H,PsnNet_500m,0.0086,0.0136,1.6875,0.0050,0.0105,0.0000,0.0010,161,161,100.00
A2021257,2021-09-14,MOD17A2H,PsnNet_500m,0.0029,0.0050,0.6734,0.0021,0.0042,0.0000,0.0005,161,161,100.00
A2021265,2021-09-22,MOD17A2H,PsnNet_500m,0.0000,0.0000,0.0000,0.0000,0.0000,0.0000,0.0000,161,26,16.15
A2021273,2021-09-30,MOD17A2H,PsnNet_500m,,,,,,,,161,0,0.00
A2021281,2021-10-08,MOD17A2H,PsnNet_500m,,,,,,,,161,0,0.00
A2021289,2021-10-16,MOD17A2H,PsnNet_500m,,,,,,,,161,0,0.00
A2021297,2021-10-24,MOD17A2H,PsnNet_500m,,,,,,,,161,0,0.00
A2021305,2021-11-01,MOD17A2H,PsnNet_500m,,,,,,,,161,0,0.00
A2021313,2021-11-09,MOD17A2H,PsnNet_500m,,,,,,,,161,0,0.00
A2021321,2021-11-17,MOD17A2H,PsnNet_500m,,,,,,,,161,0,0.00
A2021329,2021-11-25,MOD17A2H,PsnNet_500m,,,,,,,,161,0,0.00
A2021337,2021-12-03,MOD17A2H,PsnNet_500m,,,,,,,,161,0,0.00
A2021345,2021-12-11,MOD17A2H,PsnNet_500m,,,,,,,,161,0,0.00
A2021353,2021-12-19,MOD17A2H,PsnNet_500m,,,,,,,,161,0,0.00
A2021361,2021-12-27,MOD17A2H,PsnNet_500m,,,,,,,,161,0,0.00
